2.743895263671875000e+02 2.732811279296875000e+02 2.749347229003906250e+02 2.734287414550781250e+02
2.836500854492187500e+02 2.823200988769531250e+02 2.833464050292968750e+02 2.826135559082031250e+02
2.640199279785156250e+02 2.616706237792968750e+02 2.638476562500000000e+02 2.623085632324218750e+02
2.618892517089843750e+02 2.626305236816406250e+02 2.628613281250000000e+02 2.641162109375000000e+02
2.647232055664062500e+02 2.652054443359375000e+02 2.653731079101562500e+02 2.656512451171875000e+02
2.646091613769531250e+02 2.645422363281250000e+02 2.655501708984375000e+02 2.654721679687500000e+02
2.672778320312500000e+02 2.673153381347656250e+02 2.678417053222656250e+02 2.672783508300781250e+02
2.729915466308593750e+02 2.721575622558593750e+02 2.734403686523437500e+02 2.721803283691406250e+02
2.670513610839843750e+02 2.672636108398437500e+02 2.674756774902343750e+02 2.676687011718750000e+02
2.636340637207031250e+02 2.645580139160156250e+02 2.644686279296875000e+02 2.653953552246093750e+02
2.625374755859375000e+02 2.634266052246093750e+02 2.643233947753906250e+02 2.648785400390625000e+02
2.574432067871093750e+02 2.584742736816406250e+02 2.585630187988281250e+02 2.593983154296875000e+02
2.649979858398437500e+02 2.643758239746093750e+02 2.661895751953125000e+02 2.660854187011718750e+02
2.730733032226562500e+02 2.738260498046875000e+02 2.737591552734375000e+02 2.742309265136718750e+02
2.659631652832031250e+02 2.655842590332031250e+02 2.667609252929687500e+02 2.666503906250000000e+02
2.639000549316406250e+02 2.640661010742187500e+02 2.644230041503906250e+02 2.649781188964843750e+02
2.596310729980468750e+02 2.617999267578125000e+02 2.621421508789062500e+02 2.635579528808593750e+02
2.599581604003906250e+02 2.607131347656250000e+02 2.596173095703125000e+02 2.606595458984375000e+02
2.540260009765625000e+02 2.551397247314453125e+02 2.553608856201171875e+02 2.567213439941406250e+02
2.546179504394531250e+02 2.547053375244140625e+02 2.575385742187500000e+02 2.583643493652343750e+02
2.659470825195312500e+02 2.649473571777343750e+02 2.674952392578125000e+02 2.668917541503906250e+02
2.723535766601562500e+02 2.719148559570312500e+02 2.723867797851562500e+02 2.725633850097656250e+02
2.685060729980468750e+02 2.684534606933593750e+02 2.690448303222656250e+02 2.690027465820312500e+02
2.675043640136718750e+02 2.690363159179687500e+02 2.685125427246093750e+02 2.692218017578125000e+02
2.752058715820312500e+02 2.754145202636718750e+02 2.755093994140625000e+02 2.751134338378906250e+02
2.738796997070312500e+02 2.739959106445312500e+02 2.740729980468750000e+02 2.740525207519531250e+02
2.728774414062500000e+02 2.726487121582031250e+02 2.729658813476562500e+02 2.727242736816406250e+02
2.727569885253906250e+02 2.726497802734375000e+02 2.724695739746093750e+02 2.724485168457031250e+02
2.741415100097656250e+02 2.735513916015625000e+02 2.740653076171875000e+02 2.734511413574218750e+02
2.736623840332031250e+02 2.737825012207031250e+02 2.733417053222656250e+02 2.737218627929687500e+02
2.703277587890625000e+02 2.702420959472656250e+02 2.705464477539062500e+02 2.705454101562500000e+02
2.680191955566406250e+02 2.685789184570312500e+02 2.684961853027343750e+02 2.690439758300781250e+02
2.647879333496093750e+02 2.652906799316406250e+02 2.650566101074218750e+02 2.658481140136718750e+02
2.628800659179687500e+02 2.630358581542968750e+02 2.634906921386718750e+02 2.638020324707031250e+02
2.631765747070312500e+02 2.633878784179687500e+02 2.644938659667968750e+02 2.644399719238281250e+02
2.640897521972656250e+02 2.643611450195312500e+02 2.645527954101562500e+02 2.642720336914062500e+02
2.610165710449218750e+02 2.613239135742187500e+02 2.610988464355468750e+02 2.613537292480468750e+02
2.607101135253906250e+02 2.612864074707031250e+02 2.613513183593750000e+02 2.617206726074218750e+02
2.654275512695312500e+02 2.658087158203125000e+02 2.660738830566406250e+02 2.669209594726562500e+02
2.601238098144531250e+02 2.606729431152343750e+02 2.603312072753906250e+02 2.606783752441406250e+02
2.532869110107421875e+02 2.540700531005859375e+02 2.541832122802734375e+02 2.545027923583984375e+02
2.510518188476562500e+02 2.518525390625000000e+02 2.518668823242187500e+02 2.522323455810546875e+02
2.503862152099609375e+02 2.511317901611328125e+02 2.515559692382812500e+02 2.511094207763671875e+02
2.549803314208984375e+02 2.560420227050781250e+02 2.557285156250000000e+02 2.569433898925781250e+02
2.517374267578125000e+02 2.523805084228515625e+02 2.520812683105468750e+02 2.525438385009765625e+02
2.554317169189453125e+02 2.555879058837890625e+02 2.560512390136718750e+02 2.558698883056640625e+02
2.573017272949218750e+02 2.579271850585937500e+02 2.578973388671875000e+02 2.590250244140625000e+02
2.529270629882812500e+02 2.534757080078125000e+02 2.537185668945312500e+02 2.541888122558593750e+02
2.513474426269531250e+02 2.522529144287109375e+02 2.517199401855468750e+02 2.529768829345703125e+02
2.568716735839843750e+02 2.592362670898437500e+02 2.599996337890625000e+02 2.607369689941406250e+02
2.613609313964843750e+02 2.615127868652343750e+02 2.609833984375000000e+02 2.607045898437500000e+02
2.691312255859375000e+02 2.689639282226562500e+02 2.693050231933593750e+02 2.698564453125000000e+02
2.764230346679687500e+02 2.757436218261718750e+02 2.761928405761718750e+02 2.759820556640625000e+02
2.714428710937500000e+02 2.720782165527343750e+02 2.715886230468750000e+02 2.720561828613281250e+02
2.737127990722656250e+02 2.733063049316406250e+02 2.735904235839843750e+02 2.729939880371093750e+02
2.742336425781250000e+02 2.743372802734375000e+02 2.742105102539062500e+02 2.743874206542968750e+02
2.717286682128906250e+02 2.728327331542968750e+02 2.730163574218750000e+02 2.739998168945312500e+02
2.719957580566406250e+02 2.723726806640625000e+02 2.724018859863281250e+02 2.728200988769531250e+02
2.695771484375000000e+02 2.693409423828125000e+02 2.700605163574218750e+02 2.696614685058593750e+02
2.703988952636718750e+02 2.712476501464843750e+02 2.702941284179687500e+02 2.708714294433593750e+02
2.727373657226562500e+02 2.734300231933593750e+02 2.722071228027343750e+02 2.735688476562500000e+02
2.738361816406250000e+02 2.742080688476562500e+02 2.738871154785156250e+02 2.740995788574218750e+02
2.720064697265625000e+02 2.726041564941406250e+02 2.723400878906250000e+02 2.730987548828125000e+02
2.785205688476562500e+02 2.778115539550781250e+02 2.775122680664062500e+02 2.775565185546875000e+02
2.813016662597656250e+02 2.808410034179687500e+02 2.806632080078125000e+02 2.805997924804687500e+02
2.790227355957031250e+02 2.778439025878906250e+02 2.798374023437500000e+02 2.792373046875000000e+02
2.767532653808593750e+02 2.765874633789062500e+02 2.769410095214843750e+02 2.767609863281250000e+02
2.739946289062500000e+02 2.742655639648437500e+02 2.732311401367187500e+02 2.742146606445312500e+02
2.737875976562500000e+02 2.739371032714843750e+02 2.744656372070312500e+02 2.749151000976562500e+02
2.729245605468750000e+02 2.733255310058593750e+02 2.722845458984375000e+02 2.727445373535156250e+02
2.679364929199218750e+02 2.682763671875000000e+02 2.677416381835937500e+02 2.684546508789062500e+02
2.669887084960937500e+02 2.672091369628906250e+02 2.675662841796875000e+02 2.679133605957031250e+02
2.754255981445312500e+02 2.746354064941406250e+02 2.760292053222656250e+02 2.758434753417968750e+02
2.675028686523437500e+02 2.677456970214843750e+02 2.675762939453125000e+02 2.683018493652343750e+02
2.647742004394531250e+02 2.651669311523437500e+02 2.650839843750000000e+02 2.658502502441406250e+02
2.684871826171875000e+02 2.695203857421875000e+02 2.686423645019531250e+02 2.702362670898437500e+02
2.694035339355468750e+02 2.696940002441406250e+02 2.692860717773437500e+02 2.702403869628906250e+02
2.714459533691406250e+02 2.721535644531250000e+02 2.713424682617187500e+02 2.728345642089843750e+02
2.724101562500000000e+02 2.725967102050781250e+02 2.720481872558593750e+02 2.730417785644531250e+02
2.771414184570312500e+02 2.769133605957031250e+02 2.769176330566406250e+02 2.770123596191406250e+02
2.729289855957031250e+02 2.725534973144531250e+02 2.729249572753906250e+02 2.731689453125000000e+02
2.741259460449218750e+02 2.729101562500000000e+02 2.745792846679687500e+02 2.741874389648437500e+02
2.764627685546875000e+02 2.759635009765625000e+02 2.766617431640625000e+02 2.769116210937500000e+02
2.827047119140625000e+02 2.818271484375000000e+02 2.812661743164062500e+02 2.802740783691406250e+02
2.782768554687500000e+02 2.775095214843750000e+02 2.774586791992187500e+02 2.772463378906250000e+02
2.713180847167968750e+02 2.714277954101562500e+02 2.718426208496093750e+02 2.724211730957031250e+02
2.703251037597656250e+02 2.705361938476562500e+02 2.703340148925781250e+02 2.711409301757812500e+02
2.723080139160156250e+02 2.725890197753906250e+02 2.725872192382812500e+02 2.735135803222656250e+02
2.778731384277343750e+02 2.773629455566406250e+02 2.778848571777343750e+02 2.775098876953125000e+02
2.775374145507812500e+02 2.769060363769531250e+02 2.775376281738281250e+02 2.772722778320312500e+02
2.773396301269531250e+02 2.768724060058593750e+02 2.768495178222656250e+02 2.764085388183593750e+02
2.756068725585937500e+02 2.757647705078125000e+02 2.755812683105468750e+02 2.758314208984375000e+02
2.763152770996093750e+02 2.760267944335937500e+02 2.764009704589843750e+02 2.760792236328125000e+02
2.745011596679687500e+02 2.751540527343750000e+02 2.745936279296875000e+02 2.755096435546875000e+02
2.756799011230468750e+02 2.758919677734375000e+02 2.759580993652343750e+02 2.762126159667968750e+02
2.738030395507812500e+02 2.741980590820312500e+02 2.747138671875000000e+02 2.754373474121093750e+02
2.743109741210937500e+02 2.744515380859375000e+02 2.738041992187500000e+02 2.742510681152343750e+02
2.710453186035156250e+02 2.708883056640625000e+02 2.706266784667968750e+02 2.708908996582031250e+02
2.740059204101562500e+02 2.742473144531250000e+02 2.738276367187500000e+02 2.740014343261718750e+02
2.746458129882812500e+02 2.746290893554687500e+02 2.744901123046875000e+02 2.743666381835937500e+02
2.728766174316406250e+02 2.726798095703125000e+02 2.723585510253906250e+02 2.725384826660156250e+02
2.735631408691406250e+02 2.729818725585937500e+02 2.728397216796875000e+02 2.728759155273437500e+02
2.747770996093750000e+02 2.754377746582031250e+02 2.747083740234375000e+02 2.756714172363281250e+02
2.750738830566406250e+02 2.754937438964843750e+02 2.750527648925781250e+02 2.755166625976562500e+02
2.747093811035156250e+02 2.753672180175781250e+02 2.746869201660156250e+02 2.753554077148437500e+02
2.754285278320312500e+02 2.758729553222656250e+02 2.754487609863281250e+02 2.759535522460937500e+02
2.756993103027343750e+02 2.753709716796875000e+02 2.753783264160156250e+02 2.755808105468750000e+02
2.749924926757812500e+02 2.752860717773437500e+02 2.748753051757812500e+02 2.750765075683593750e+02
2.745860595703125000e+02 2.746311035156250000e+02 2.742470397949218750e+02 2.745969848632812500e+02
2.731703796386718750e+02 2.735900878906250000e+02 2.729826660156250000e+02 2.738840942382812500e+02
2.749663085937500000e+02 2.747758178710937500e+02 2.746532287597656250e+02 2.754794006347656250e+02
2.766085815429687500e+02 2.760936889648437500e+02 2.766193847656250000e+02 2.764571838378906250e+02
2.812492675781250000e+02 2.800053710937500000e+02 2.793759460449218750e+02 2.790059509277343750e+02
2.786435546875000000e+02 2.777736206054687500e+02 2.786025085449218750e+02 2.782093505859375000e+02
2.808611145019531250e+02 2.794955749511718750e+02 2.815236816406250000e+02 2.808063354492187500e+02
2.837298278808593750e+02 2.823088378906250000e+02 2.826191406250000000e+02 2.819902648925781250e+02
2.868701782226562500e+02 2.859410400390625000e+02 2.859521484375000000e+02 2.856553039550781250e+02
2.855921630859375000e+02 2.846141967773437500e+02 2.841701965332031250e+02 2.837272949218750000e+02
2.841206359863281250e+02 2.825670166015625000e+02 2.836849365234375000e+02 2.835574951171875000e+02
2.839769287109375000e+02 2.833996276855468750e+02 2.840908813476562500e+02 2.837052001953125000e+02
2.817374877929687500e+02 2.813168029785156250e+02 2.815204162597656250e+02 2.813641967773437500e+02
2.788237915039062500e+02 2.790161132812500000e+02 2.785775146484375000e+02 2.792138671875000000e+02
2.781667785644531250e+02 2.787563781738281250e+02 2.783581848144531250e+02 2.792922973632812500e+02
2.838379821777343750e+02 2.834772033691406250e+02 2.832429199218750000e+02 2.832569274902343750e+02
2.837319946289062500e+02 2.836030273437500000e+02 2.836885986328125000e+02 2.839998779296875000e+02
2.789680480957031250e+02 2.792898864746093750e+02 2.789544982910156250e+02 2.796577148437500000e+02
2.808147277832031250e+02 2.806452636718750000e+02 2.815881347656250000e+02 2.815649108886718750e+02
2.816398315429687500e+02 2.813515930175781250e+02 2.814676208496093750e+02 2.813177490234375000e+02
2.867287902832031250e+02 2.853670043945312500e+02 2.856735534667968750e+02 2.847709350585937500e+02
2.911831359863281250e+02 2.895756530761718750e+02 2.902851257324218750e+02 2.891294555664062500e+02
2.873825988769531250e+02 2.849737854003906250e+02 2.876685485839843750e+02 2.851344299316406250e+02
2.826805419921875000e+02 2.825610351562500000e+02 2.828044738769531250e+02 2.828961486816406250e+02
2.867636413574218750e+02 2.859861145019531250e+02 2.868746337890625000e+02 2.866727905273437500e+02
2.881059265136718750e+02 2.873996887207031250e+02 2.869001770019531250e+02 2.866328125000000000e+02
2.862325744628906250e+02 2.855390930175781250e+02 2.865283203125000000e+02 2.860877075195312500e+02
2.875793151855468750e+02 2.868027038574218750e+02 2.869244995117187500e+02 2.862930908203125000e+02
2.854981384277343750e+02 2.850592041015625000e+02 2.857057495117187500e+02 2.845308837890625000e+02
2.830051879882812500e+02 2.829758911132812500e+02 2.836886901855468750e+02 2.836834106445312500e+02
2.835779418945312500e+02 2.834254150390625000e+02 2.840493164062500000e+02 2.838314208984375000e+02
2.833793945312500000e+02 2.836049804687500000e+02 2.838666076660156250e+02 2.843286132812500000e+02
2.846425781250000000e+02 2.840691223144531250e+02 2.848987731933593750e+02 2.847015686035156250e+02
2.874902648925781250e+02 2.872206115722656250e+02 2.869073791503906250e+02 2.865871276855468750e+02
2.837380981445312500e+02 2.840893249511718750e+02 2.844009704589843750e+02 2.848709716796875000e+02
2.840972595214843750e+02 2.837191772460937500e+02 2.857227172851562500e+02 2.859518737792968750e+02
2.839641418457031250e+02 2.834288635253906250e+02 2.862098999023437500e+02 2.866459655761718750e+02
2.876186828613281250e+02 2.872577514648437500e+02 2.877019348144531250e+02 2.877214050292968750e+02
2.836507568359375000e+02 2.840167236328125000e+02 2.841917724609375000e+02 2.848603210449218750e+02
2.865846557617187500e+02 2.865249633789062500e+02 2.864468688964843750e+02 2.869844665527343750e+02
2.859321899414062500e+02 2.857351074218750000e+02 2.856386413574218750e+02 2.857812194824218750e+02
2.867044982910156250e+02 2.862038269042968750e+02 2.871359252929687500e+02 2.868698120117187500e+02
2.846609802246093750e+02 2.848919067382812500e+02 2.854438476562500000e+02 2.859676208496093750e+02
2.852100830078125000e+02 2.859284973144531250e+02 2.860438232421875000e+02 2.864464416503906250e+02
2.837227783203125000e+02 2.838935241699218750e+02 2.844203491210937500e+02 2.845119628906250000e+02
2.860643310546875000e+02 2.858070983886718750e+02 2.856292114257812500e+02 2.852844543457031250e+02
2.877331237792968750e+02 2.876217956542968750e+02 2.875163879394531250e+02 2.873027038574218750e+02
2.865938415527343750e+02 2.865167236328125000e+02 2.868087768554687500e+02 2.867622070312500000e+02
2.873392639160156250e+02 2.861609497070312500e+02 2.880806274414062500e+02 2.867028808593750000e+02
2.844721984863281250e+02 2.849916381835937500e+02 2.859540405273437500e+02 2.852412109375000000e+02
2.859468078613281250e+02 2.861968994140625000e+02 2.865804443359375000e+02 2.867118835449218750e+02
2.882757568359375000e+02 2.876451110839843750e+02 2.878696899414062500e+02 2.872848205566406250e+02
2.890166625976562500e+02 2.883815002441406250e+02 2.885464782714843750e+02 2.878748168945312500e+02
2.883341979980468750e+02 2.885472717285156250e+02 2.884996032714843750e+02 2.887830810546875000e+02
2.848194274902343750e+02 2.858898925781250000e+02 2.848330383300781250e+02 2.859578552246093750e+02
2.815626831054687500e+02 2.822270507812500000e+02 2.820455322265625000e+02 2.826442871093750000e+02
2.822779541015625000e+02 2.829183349609375000e+02 2.823117980957031250e+02 2.827574768066406250e+02
2.853858947753906250e+02 2.853540344238281250e+02 2.854836730957031250e+02 2.859245605468750000e+02
2.906308593750000000e+02 2.900282592773437500e+02 2.899371032714843750e+02 2.892225646972656250e+02
2.912164001464843750e+02 2.907551269531250000e+02 2.904851684570312500e+02 2.899482116699218750e+02
2.910869445800781250e+02 2.907958374023437500e+02 2.910132446289062500e+02 2.901975708007812500e+02
2.866467590332031250e+02 2.870098876953125000e+02 2.872981872558593750e+02 2.869348144531250000e+02
2.850798950195312500e+02 2.856288757324218750e+02 2.852419128417968750e+02 2.850179748535156250e+02
2.831682128906250000e+02 2.838093566894531250e+02 2.834714050292968750e+02 2.836553344726562500e+02
2.829138488769531250e+02 2.828404235839843750e+02 2.835525817871093750e+02 2.833773803710937500e+02
2.887080078125000000e+02 2.885767517089843750e+02 2.886403198242187500e+02 2.882893066406250000e+02
2.863892822265625000e+02 2.872546691894531250e+02 2.871606445312500000e+02 2.876031799316406250e+02
2.855059204101562500e+02 2.863862304687500000e+02 2.850229187011718750e+02 2.859467773437500000e+02
2.820229797363281250e+02 2.827288513183593750e+02 2.823472290039062500e+02 2.827112426757812500e+02
2.839627075195312500e+02 2.844168090820312500e+02 2.842196044921875000e+02 2.850213317871093750e+02
2.859822387695312500e+02 2.861388854980468750e+02 2.859527893066406250e+02 2.860308837890625000e+02
2.871063537597656250e+02 2.870473632812500000e+02 2.866493225097656250e+02 2.866770629882812500e+02
2.871228637695312500e+02 2.877318725585937500e+02 2.881240234375000000e+02 2.883909301757812500e+02
2.914532470703125000e+02 2.912247314453125000e+02 2.915344238281250000e+02 2.912185058593750000e+02
2.908883056640625000e+02 2.911188659667968750e+02 2.907518005371093750e+02 2.912270812988281250e+02
2.905598449707031250e+02 2.903849182128906250e+02 2.902979736328125000e+02 2.902200012207031250e+02
2.860307006835937500e+02 2.870389709472656250e+02 2.869022216796875000e+02 2.880818176269531250e+02
2.860483093261718750e+02 2.873706359863281250e+02 2.862616882324218750e+02 2.870542907714843750e+02
2.839271850585937500e+02 2.844073486328125000e+02 2.839699707031250000e+02 2.845172729492187500e+02
2.852709350585937500e+02 2.857388610839843750e+02 2.851619567871093750e+02 2.860847167968750000e+02
2.866687011718750000e+02 2.869026489257812500e+02 2.868730163574218750e+02 2.877318725585937500e+02
2.888848876953125000e+02 2.886838684082031250e+02 2.884774475097656250e+02 2.884284667968750000e+02
2.903943481445312500e+02 2.902455749511718750e+02 2.896434326171875000e+02 2.898295898437500000e+02
2.923721008300781250e+02 2.923278503417968750e+02 2.918706665039062500e+02 2.918684082031250000e+02
2.894452819824218750e+02 2.890321350097656250e+02 2.893645935058593750e+02 2.889170837402343750e+02
2.924540100097656250e+02 2.918998107910156250e+02 2.923795471191406250e+02 2.922154541015625000e+02
2.937868957519531250e+02 2.935133056640625000e+02 2.935333557128906250e+02 2.935473327636718750e+02
2.949943237304687500e+02 2.941744079589843750e+02 2.944149169921875000e+02 2.937415161132812500e+02
2.931343688964843750e+02 2.922874755859375000e+02 2.928735961914062500e+02 2.922210083007812500e+02
2.952162170410156250e+02 2.943544921875000000e+02 2.951501159667968750e+02 2.950562438964843750e+02
2.917462463378906250e+02 2.917406005859375000e+02 2.920787048339843750e+02 2.923478088378906250e+02
2.914587097167968750e+02 2.912962036132812500e+02 2.913635559082031250e+02 2.910617675781250000e+02
2.893773803710937500e+02 2.899287719726562500e+02 2.906185607910156250e+02 2.908148193359375000e+02
2.913560180664062500e+02 2.916326293945312500e+02 2.920170593261718750e+02 2.920811767578125000e+02
2.932113647460937500e+02 2.930824584960937500e+02 2.927189941406250000e+02 2.927388610839843750e+02
2.929411926269531250e+02 2.928242187500000000e+02 2.925428466796875000e+02 2.922116699218750000e+02
2.941568298339843750e+02 2.940812072753906250e+02 2.945385131835937500e+02 2.944820251464843750e+02
2.950061645507812500e+02 2.947160949707031250e+02 2.949965209960937500e+02 2.948153991699218750e+02
2.957135314941406250e+02 2.952934875488281250e+02 2.958044738769531250e+02 2.955229797363281250e+02
2.955700378417968750e+02 2.954603271484375000e+02 2.954228820800781250e+02 2.952152404785156250e+02
2.946836242675781250e+02 2.945326843261718750e+02 2.946808166503906250e+02 2.948604736328125000e+02
2.940645446777343750e+02 2.946051940917968750e+02 2.948146667480468750e+02 2.956210632324218750e+02
2.940242919921875000e+02 2.939099731445312500e+02 2.945805664062500000e+02 2.953233947753906250e+02
2.934016113281250000e+02 2.932583618164062500e+02 2.938322753906250000e+02 2.930729675292968750e+02
2.949660339355468750e+02 2.940456848144531250e+02 2.952083129882812500e+02 2.944183654785156250e+02
2.952861328125000000e+02 2.947207031250000000e+02 2.956137695312500000e+02 2.951040649414062500e+02
2.966615295410156250e+02 2.965547790527343750e+02 2.967213134765625000e+02 2.962182312011718750e+02
2.935289611816406250e+02 2.933435058593750000e+02 2.934643859863281250e+02 2.934728393554687500e+02
2.940444641113281250e+02 2.935838012695312500e+02 2.943857421875000000e+02 2.947525329589843750e+02
2.944936218261718750e+02 2.946730041503906250e+02 2.939092102050781250e+02 2.938271484375000000e+02
2.882689208984375000e+02 2.889973754882812500e+02 2.888035583496093750e+02 2.900590209960937500e+02
2.920567626953125000e+02 2.920625610351562500e+02 2.933490905761718750e+02 2.934979553222656250e+02
2.907515563964843750e+02 2.912034606933593750e+02 2.912865295410156250e+02 2.919007873535156250e+02
2.892227172851562500e+02 2.898694152832031250e+02 2.893301391601562500e+02 2.907243347167968750e+02
2.882963562011718750e+02 2.885324096679687500e+02 2.901570129394531250e+02 2.891334228515625000e+02
2.863390197753906250e+02 2.871945495605468750e+02 2.864560241699218750e+02 2.872825317382812500e+02
2.858200683593750000e+02 2.863442382812500000e+02 2.858494262695312500e+02 2.867958068847656250e+02
2.860621337890625000e+02 2.862551574707031250e+02 2.870430908203125000e+02 2.876521606445312500e+02
2.873241577148437500e+02 2.873612060546875000e+02 2.877193908691406250e+02 2.877038269042968750e+02
2.851972351074218750e+02 2.853592834472656250e+02 2.852453613281250000e+02 2.856456298828125000e+02
2.844944152832031250e+02 2.851192016601562500e+02 2.851943359375000000e+02 2.858469238281250000e+02
2.842932128906250000e+02 2.850551757812500000e+02 2.864372558593750000e+02 2.869006652832031250e+02
2.867775878906250000e+02 2.874215698242187500e+02 2.868076782226562500e+02 2.882581481933593750e+02
2.880040893554687500e+02 2.880301513671875000e+02 2.886275329589843750e+02 2.888565979003906250e+02
2.869724121093750000e+02 2.866575317382812500e+02 2.871978454589843750e+02 2.869993591308593750e+02
2.880876464843750000e+02 2.881016845703125000e+02 2.885057373046875000e+02 2.890187988281250000e+02
2.856803894042968750e+02 2.856896972656250000e+02 2.877936706542968750e+02 2.871244506835937500e+02
2.891730346679687500e+02 2.888051757812500000e+02 2.902774963378906250e+02 2.896054382324218750e+02
2.943998107910156250e+02 2.936260986328125000e+02 2.941388854980468750e+02 2.935933532714843750e+02
2.908407287597656250e+02 2.907296142578125000e+02 2.918143005371093750e+02 2.920285034179687500e+02
2.910557861328125000e+02 2.907502441406250000e+02 2.917242431640625000e+02 2.917196350097656250e+02
2.925997924804687500e+02 2.919846191406250000e+02 2.936748046875000000e+02 2.925535278320312500e+02
2.935324096679687500e+02 2.928124084472656250e+02 2.941362915039062500e+02 2.940625000000000000e+02
2.948937988281250000e+02 2.943071594238281250e+02 2.948864746093750000e+02 2.944117431640625000e+02
2.919859619140625000e+02 2.917137145996093750e+02 2.928456115722656250e+02 2.915922241210937500e+02
2.849010314941406250e+02 2.860937500000000000e+02 2.874263610839843750e+02 2.870203247070312500e+02
2.873949584960937500e+02 2.874762268066406250e+02 2.889376220703125000e+02 2.890199279785156250e+02
2.942054443359375000e+02 2.933407287597656250e+02 2.940881042480468750e+02 2.933988037109375000e+02
2.909588317871093750e+02 2.911820983886718750e+02 2.918396301269531250e+02 2.918347167968750000e+02
2.884334106445312500e+02 2.889934082031250000e+02 2.909212341308593750e+02 2.903383483886718750e+02
2.948028869628906250e+02 2.940951538085937500e+02 2.950058898925781250e+02 2.943844604492187500e+02
2.915770874023437500e+02 2.910616455078125000e+02 2.913535766601562500e+02 2.909275207519531250e+02
2.869663696289062500e+02 2.875777282714843750e+02 2.880728759765625000e+02 2.884912414550781250e+02
2.813448486328125000e+02 2.831474304199218750e+02 2.829036254882812500e+02 2.845959777832031250e+02
2.811850280761718750e+02 2.823373413085937500e+02 2.830513916015625000e+02 2.831120300292968750e+02
2.866155700683593750e+02 2.864948425292968750e+02 2.888276062011718750e+02 2.885680847167968750e+02
2.797581176757812500e+02 2.805679931640625000e+02 2.805814514160156250e+02 2.813872680664062500e+02
2.822768859863281250e+02 2.830273742675781250e+02 2.832398681640625000e+02 2.842032470703125000e+02
2.870109252929687500e+02 2.869756469726562500e+02 2.885652160644531250e+02 2.882907714843750000e+02
2.889772949218750000e+02 2.887748107910156250e+02 2.892668151855468750e+02 2.890691223144531250e+02
2.824805603027343750e+02 2.832107238769531250e+02 2.830267028808593750e+02 2.841397094726562500e+02
2.819511413574218750e+02 2.822270812988281250e+02 2.829476318359375000e+02 2.835408935546875000e+02
2.857885131835937500e+02 2.858540344238281250e+02 2.868008422851562500e+02 2.870241394042968750e+02
2.816642150878906250e+02 2.811115722656250000e+02 2.837944335937500000e+02 2.826582336425781250e+02
2.746882629394531250e+02 2.760023193359375000e+02 2.756517639160156250e+02 2.767354736328125000e+02
2.802537841796875000e+02 2.804145202636718750e+02 2.807788696289062500e+02 2.808505249023437500e+02
2.844660949707031250e+02 2.839139099121093750e+02 2.844244995117187500e+02 2.839797058105468750e+02
2.811667785644531250e+02 2.820221252441406250e+02 2.819572143554687500e+02 2.812643737792968750e+02
2.773448181152343750e+02 2.800107421875000000e+02 2.784169006347656250e+02 2.802823181152343750e+02
2.781746520996093750e+02 2.800812377929687500e+02 2.793691406250000000e+02 2.809978637695312500e+02
2.821054077148437500e+02 2.820118713378906250e+02 2.832061767578125000e+02 2.827920837402343750e+02
2.795296020507812500e+02 2.811250915527343750e+02 2.816113891601562500e+02 2.826227722167968750e+02
2.814647827148437500e+02 2.819555969238281250e+02 2.821521301269531250e+02 2.823804321289062500e+02
2.895703125000000000e+02 2.877590026855468750e+02 2.899709167480468750e+02 2.873578491210937500e+02
2.861145629882812500e+02 2.859879150390625000e+02 2.870664367675781250e+02 2.865920104980468750e+02
2.853058776855468750e+02 2.859100036621093750e+02 2.863208312988281250e+02 2.867811279296875000e+02
2.863405761718750000e+02 2.866881713867187500e+02 2.871314697265625000e+02 2.865034179687500000e+02
2.860217590332031250e+02 2.864405517578125000e+02 2.867912902832031250e+02 2.874050292968750000e+02
2.865995178222656250e+02 2.864790954589843750e+02 2.875652770996093750e+02 2.870981140136718750e+02
2.851769104003906250e+02 2.857578430175781250e+02 2.871790466308593750e+02 2.870281982421875000e+02
2.841848754882812500e+02 2.839540405273437500e+02 2.847812500000000000e+02 2.845980224609375000e+02
2.826954650878906250e+02 2.840835571289062500e+02 2.845762939453125000e+02 2.854503173828125000e+02
2.808597106933593750e+02 2.809875183105468750e+02 2.811497497558593750e+02 2.814054565429687500e+02
2.755694274902343750e+02 2.761510009765625000e+02 2.764113464355468750e+02 2.767190246582031250e+02
2.730357666015625000e+02 2.735683593750000000e+02 2.730349121093750000e+02 2.739756164550781250e+02
2.722348327636718750e+02 2.736032409667968750e+02 2.719456787109375000e+02 2.739289245605468750e+02
2.736218566894531250e+02 2.751955871582031250e+02 2.744586791992187500e+02 2.753707885742187500e+02
2.821343994140625000e+02 2.832338562011718750e+02 2.831011047363281250e+02 2.824518737792968750e+02
2.773535156250000000e+02 2.776917724609375000e+02 2.776710815429687500e+02 2.773448486328125000e+02
2.748535461425781250e+02 2.752033996582031250e+02 2.755848999023437500e+02 2.757876281738281250e+02
2.775689086914062500e+02 2.781954650878906250e+02 2.776598815917968750e+02 2.784782409667968750e+02
2.753289489746093750e+02 2.767632446289062500e+02 2.773739013671875000e+02 2.773857421875000000e+02
2.819663696289062500e+02 2.827558288574218750e+02 2.829905395507812500e+02 2.835333557128906250e+02
2.764424438476562500e+02 2.784342346191406250e+02 2.781065673828125000e+02 2.793740234375000000e+02
2.829434509277343750e+02 2.828190307617187500e+02 2.839910278320312500e+02 2.833805847167968750e+02
2.856218566894531250e+02 2.853489685058593750e+02 2.862717590332031250e+02 2.859078063964843750e+02
2.874837646484375000e+02 2.869746093750000000e+02 2.870921936035156250e+02 2.860591430664062500e+02
2.857338867187500000e+02 2.853150024414062500e+02 2.860697021484375000e+02 2.851724548339843750e+02
2.827490539550781250e+02 2.828448791503906250e+02 2.841034240722656250e+02 2.836856994628906250e+02
2.798293151855468750e+02 2.804117126464843750e+02 2.808361816406250000e+02 2.811807250976562500e+02
2.751127624511718750e+02 2.765356140136718750e+02 2.757936706542968750e+02 2.770644226074218750e+02
2.733088684082031250e+02 2.742087402343750000e+02 2.736575622558593750e+02 2.746708679199218750e+02
2.715048522949218750e+02 2.722084655761718750e+02 2.727349548339843750e+02 2.731177978515625000e+02
2.768835754394531250e+02 2.772827453613281250e+02 2.772093505859375000e+02 2.776697387695312500e+02
2.756849365234375000e+02 2.768224182128906250e+02 2.760560913085937500e+02 2.773893737792968750e+02
2.717859191894531250e+02 2.741635742187500000e+02 2.724680480957031250e+02 2.752425842285156250e+02
2.721683654785156250e+02 2.733764648437500000e+02 2.723038635253906250e+02 2.735644226074218750e+02
2.796887207031250000e+02 2.800852050781250000e+02 2.808972473144531250e+02 2.807693481445312500e+02
2.784739685058593750e+02 2.780978393554687500e+02 2.787887268066406250e+02 2.776110534667968750e+02
2.749633483886718750e+02 2.758971252441406250e+02 2.754419250488281250e+02 2.761275024414062500e+02
2.733777465820312500e+02 2.752664489746093750e+02 2.738152160644531250e+02 2.756873168945312500e+02
2.707817993164062500e+02 2.721696166992187500e+02 2.734172973632812500e+02 2.743850708007812500e+02
2.769288635253906250e+02 2.782556762695312500e+02 2.784878540039062500e+02 2.796700439453125000e+02
2.774035644531250000e+02 2.768793945312500000e+02 2.769035644531250000e+02 2.768342590332031250e+02
2.782529602050781250e+02 2.788642578125000000e+02 2.794405212402343750e+02 2.801117553710937500e+02
2.817842712402343750e+02 2.815713500976562500e+02 2.825807189941406250e+02 2.818636474609375000e+02
2.786337280273437500e+02 2.789139404296875000e+02 2.790176086425781250e+02 2.789951782226562500e+02
2.788265991210937500e+02 2.796596679687500000e+02 2.793086853027343750e+02 2.799214477539062500e+02
2.785564880371093750e+02 2.797574768066406250e+02 2.793101196289062500e+02 2.802755126953125000e+02
2.779696960449218750e+02 2.784938964843750000e+02 2.781945495605468750e+02 2.781117858886718750e+02
2.721056213378906250e+02 2.726321105957031250e+02 2.722477722167968750e+02 2.724515380859375000e+02
2.690661315917968750e+02 2.687295227050781250e+02 2.691777038574218750e+02 2.683401794433593750e+02
2.696611633300781250e+02 2.695337524414062500e+02 2.697387084960937500e+02 2.692489624023437500e+02
2.763666687011718750e+02 2.763087463378906250e+02 2.760091247558593750e+02 2.763550415039062500e+02
2.712696533203125000e+02 2.733822937011718750e+02 2.717970581054687500e+02 2.742630615234375000e+02
2.741050109863281250e+02 2.756741943359375000e+02 2.755602416992187500e+02 2.761511535644531250e+02
2.787531127929687500e+02 2.790338745117187500e+02 2.785812377929687500e+02 2.786231994628906250e+02
2.760231933593750000e+02 2.766382446289062500e+02 2.762443847656250000e+02 2.764753417968750000e+02
2.814048156738281250e+02 2.811149902343750000e+02 2.810516052246093750e+02 2.808780822753906250e+02
2.845520324707031250e+02 2.840025939941406250e+02 2.842619628906250000e+02 2.837288208007812500e+02
2.867579040527343750e+02 2.859282531738281250e+02 2.858706054687500000e+02 2.848652648925781250e+02
2.839926452636718750e+02 2.834996643066406250e+02 2.852041015625000000e+02 2.843512573242187500e+02
2.815563049316406250e+02 2.814673156738281250e+02 2.814260864257812500e+02 2.809512329101562500e+02
2.774167480468750000e+02 2.779383850097656250e+02 2.786770629882812500e+02 2.788717041015625000e+02
2.746101684570312500e+02 2.752237854003906250e+02 2.749692993164062500e+02 2.754002075195312500e+02
2.709833068847656250e+02 2.713229980468750000e+02 2.708197631835937500e+02 2.712456665039062500e+02
2.695814208984375000e+02 2.701634521484375000e+02 2.699640197753906250e+02 2.703764648437500000e+02
2.701245727539062500e+02 2.714661254882812500e+02 2.706227111816406250e+02 2.723077087402343750e+02
2.665346679687500000e+02 2.670195312500000000e+02 2.668649597167968750e+02 2.669326171875000000e+02
2.712627563476562500e+02 2.718680725097656250e+02 2.725009460449218750e+02 2.731811523437500000e+02
2.704745483398437500e+02 2.708114624023437500e+02 2.709574890136718750e+02 2.710180969238281250e+02
2.781803588867187500e+02 2.785988464355468750e+02 2.800733642578125000e+02 2.800210571289062500e+02
2.772863464355468750e+02 2.775023803710937500e+02 2.778413696289062500e+02 2.773932800292968750e+02
2.720266113281250000e+02 2.724961853027343750e+02 2.724913330078125000e+02 2.725850524902343750e+02
2.671697387695312500e+02 2.675515441894531250e+02 2.678419189453125000e+02 2.677847595214843750e+02
2.716142883300781250e+02 2.719603271484375000e+02 2.724519042968750000e+02 2.728966369628906250e+02
2.715546264648437500e+02 2.721879577636718750e+02 2.723101806640625000e+02 2.726830749511718750e+02
2.796250000000000000e+02 2.798329772949218750e+02 2.803304748535156250e+02 2.801929626464843750e+02
2.699702148437500000e+02 2.704378051757812500e+02 2.711453857421875000e+02 2.708081054687500000e+02
2.653002929687500000e+02 2.687008972167968750e+02 2.698459472656250000e+02 2.708655700683593750e+02
2.622279357910156250e+02 2.655762634277343750e+02 2.663133850097656250e+02 2.679349975585937500e+02
2.676163940429687500e+02 2.685718383789062500e+02 2.697537841796875000e+02 2.693239135742187500e+02
2.609111022949218750e+02 2.597631835937500000e+02 2.618723144531250000e+02 2.601669311523437500e+02
2.629671630859375000e+02 2.638194274902343750e+02 2.640403442382812500e+02 2.645745849609375000e+02
2.570276489257812500e+02 2.583432006835937500e+02 2.582177734375000000e+02 2.596877441406250000e+02
2.633987121582031250e+02 2.651897277832031250e+02 2.643510437011718750e+02 2.656668701171875000e+02
2.661797790527343750e+02 2.685211486816406250e+02 2.673912048339843750e+02 2.692856445312500000e+02
2.691001892089843750e+02 2.717378234863281250e+02 2.716048278808593750e+02 2.729373779296875000e+02
2.723333129882812500e+02 2.731396789550781250e+02 2.724272766113281250e+02 2.729764404296875000e+02
2.766116943359375000e+02 2.762983093261718750e+02 2.771541137695312500e+02 2.764403686523437500e+02
2.779534301757812500e+02 2.776858215332031250e+02 2.783984069824218750e+02 2.777925720214843750e+02
2.764542541503906250e+02 2.765781860351562500e+02 2.776649780273437500e+02 2.773963012695312500e+02
2.740852661132812500e+02 2.742525634765625000e+02 2.743665466308593750e+02 2.743845214843750000e+02
2.712015380859375000e+02 2.712671203613281250e+02 2.718798828125000000e+02 2.716893310546875000e+02
2.740202331542968750e+02 2.738433532714843750e+02 2.745563354492187500e+02 2.740809631347656250e+02
2.733367309570312500e+02 2.734654235839843750e+02 2.742761230468750000e+02 2.741039428710937500e+02
2.673309020996093750e+02 2.678677062988281250e+02 2.679921264648437500e+02 2.679733581542968750e+02
2.662198181152343750e+02 2.672470397949218750e+02 2.665338134765625000e+02 2.676206970214843750e+02
2.670664367675781250e+02 2.686895141601562500e+02 2.681746215820312500e+02 2.699340515136718750e+02
2.672127380371093750e+02 2.679476013183593750e+02 2.675542602539062500e+02 2.680178222656250000e+02
2.612005004882812500e+02 2.620700988769531250e+02 2.620955810546875000e+02 2.629176025390625000e+02
2.673235473632812500e+02 2.674396362304687500e+02 2.679731445312500000e+02 2.675307006835937500e+02
2.620229187011718750e+02 2.638510742187500000e+02 2.630596313476562500e+02 2.643265991210937500e+02
2.599566955566406250e+02 2.610518493652343750e+02 2.613690490722656250e+02 2.622681579589843750e+02
2.699365539550781250e+02 2.704231567382812500e+02 2.699807434082031250e+02 2.706050415039062500e+02
2.658103332519531250e+02 2.666545410156250000e+02 2.661590881347656250e+02 2.672001953125000000e+02
2.623748168945312500e+02 2.635603637695312500e+02 2.632435302734375000e+02 2.640568847656250000e+02
2.662572937011718750e+02 2.660570678710937500e+02 2.659781188964843750e+02 2.651767272949218750e+02
2.662286376953125000e+02 2.656329040527343750e+02 2.669396667480468750e+02 2.663167114257812500e+02
2.648985595703125000e+02 2.655393371582031250e+02 2.651284179687500000e+02 2.656647644042968750e+02
2.667350769042968750e+02 2.673618469238281250e+02 2.679909667968750000e+02 2.682117309570312500e+02
2.768931579589843750e+02 2.775557556152343750e+02 2.776528625488281250e+02 2.776825866699218750e+02
2.714945068359375000e+02 2.718825378417968750e+02 2.723480834960937500e+02 2.731156005859375000e+02
2.699579467773437500e+02 2.709194030761718750e+02 2.709855651855468750e+02 2.724098205566406250e+02
2.717501525878906250e+02 2.729301757812500000e+02 2.724120483398437500e+02 2.740157165527343750e+02
2.735602722167968750e+02 2.734038085937500000e+02 2.739247436523437500e+02 2.742784423828125000e+02
2.704382324218750000e+02 2.707145385742187500e+02 2.709943237304687500e+02 2.714486694335937500e+02
2.676326293945312500e+02 2.677452087402343750e+02 2.679382019042968750e+02 2.679772644042968750e+02
2.651763000488281250e+02 2.659126586914062500e+02 2.668635864257812500e+02 2.671131591796875000e+02
2.705698242187500000e+02 2.707685241699218750e+02 2.716709899902343750e+02 2.716988525390625000e+02
2.634548645019531250e+02 2.638680419921875000e+02 2.647489929199218750e+02 2.648694458007812500e+02
2.618465576171875000e+02 2.623904724121093750e+02 2.630756225585937500e+02 2.631869201660156250e+02
2.647879638671875000e+02 2.648853759765625000e+02 2.653670349121093750e+02 2.652425537109375000e+02
2.661969909667968750e+02 2.664524841308593750e+02 2.670711975097656250e+02 2.671829223632812500e+02
2.680733032226562500e+02 2.683145141601562500e+02 2.680713500976562500e+02 2.681681213378906250e+02
2.665010986328125000e+02 2.670065002441406250e+02 2.670594787597656250e+02 2.675000915527343750e+02
2.611626281738281250e+02 2.612773742675781250e+02 2.625524291992187500e+02 2.623959045410156250e+02
2.590865478515625000e+02 2.596966552734375000e+02 2.600047912597656250e+02 2.606542663574218750e+02
2.578842163085937500e+02 2.582297363281250000e+02 2.585234985351562500e+02 2.588432922363281250e+02
2.610160217285156250e+02 2.611667175292968750e+02 2.616464843750000000e+02 2.617624511718750000e+02
2.604784545898437500e+02 2.602762756347656250e+02 2.610862731933593750e+02 2.606832885742187500e+02
2.590644531250000000e+02 2.592431945800781250e+02 2.595374145507812500e+02 2.592474365234375000e+02
2.616255798339843750e+02 2.621495666503906250e+02 2.622214355468750000e+02 2.633154602050781250e+02
2.585740356445312500e+02 2.607372436523437500e+02 2.594985656738281250e+02 2.619092102050781250e+02
2.685841674804687500e+02 2.693822631835937500e+02 2.702039184570312500e+02 2.708765563964843750e+02
2.650908813476562500e+02 2.660651245117187500e+02 2.661314086914062500e+02 2.671127624511718750e+02
2.643707885742187500e+02 2.647197875976562500e+02 2.644536132812500000e+02 2.640791320800781250e+02
2.632732849121093750e+02 2.650864562988281250e+02 2.646037597656250000e+02 2.661403198242187500e+02
2.611118164062500000e+02 2.615669860839843750e+02 2.619099731445312500e+02 2.615477600097656250e+02
2.680692138671875000e+02 2.685830993652343750e+02 2.692752075195312500e+02 2.686995544433593750e+02
2.646448669433593750e+02 2.649700622558593750e+02 2.652999572753906250e+02 2.649111938476562500e+02
2.668363647460937500e+02 2.669825134277343750e+02 2.662026062011718750e+02 2.657961425781250000e+02
2.689889526367187500e+02 2.686864013671875000e+02 2.685448608398437500e+02 2.678218688964843750e+02
2.692459411621093750e+02 2.695028076171875000e+02 2.694614868164062500e+02 2.688899536132812500e+02
2.606660461425781250e+02 2.612705993652343750e+02 2.616818542480468750e+02 2.621367187500000000e+02
2.594355468750000000e+02 2.593977661132812500e+02 2.600941772460937500e+02 2.604877929687500000e+02
2.644657897949218750e+02 2.650595397949218750e+02 2.665397644042968750e+02 2.671107482910156250e+02
2.660274963378906250e+02 2.679020385742187500e+02 2.673799743652343750e+02 2.683172607421875000e+02
2.704006958007812500e+02 2.710734252929687500e+02 2.719515380859375000e+02 2.711778259277343750e+02
2.686970214843750000e+02 2.692512512207031250e+02 2.703712158203125000e+02 2.703605346679687500e+02
2.713425292968750000e+02 2.716133728027343750e+02 2.721956176757812500e+02 2.724882507324218750e+02
2.719246520996093750e+02 2.723780822753906250e+02 2.728373107910156250e+02 2.730981445312500000e+02
2.705423583984375000e+02 2.707139892578125000e+02 2.713739013671875000e+02 2.710335693359375000e+02
2.645113525390625000e+02 2.643917236328125000e+02 2.657816772460937500e+02 2.649454040527343750e+02
2.586914062500000000e+02 2.585255126953125000e+02 2.595328674316406250e+02 2.590898132324218750e+02
2.655801391601562500e+02 2.658344116210937500e+02 2.659891357421875000e+02 2.660267028808593750e+02
2.593436279296875000e+02 2.599364624023437500e+02 2.602442321777343750e+02 2.603607177734375000e+02
2.563949890136718750e+02 2.564367980957031250e+02 2.570329589843750000e+02 2.567391662597656250e+02
2.588076477050781250e+02 2.594497375488281250e+02 2.604541625976562500e+02 2.613409423828125000e+02
2.590595092773437500e+02 2.618622436523437500e+02 2.607062072753906250e+02 2.650387878417968750e+02
2.646682739257812500e+02 2.642304382324218750e+02 2.646581420898437500e+02 2.640879211425781250e+02
2.703473205566406250e+02 2.698593444824218750e+02 2.707802124023437500e+02 2.700874023437500000e+02
2.723109741210937500e+02 2.726313781738281250e+02 2.725068664550781250e+02 2.727950744628906250e+02
2.692798156738281250e+02 2.689952392578125000e+02 2.690802307128906250e+02 2.674650573730468750e+02
2.749019775390625000e+02 2.745324401855468750e+02 2.751194458007812500e+02 2.746590881347656250e+02
2.744660949707031250e+02 2.758047790527343750e+02 2.753887023925781250e+02 2.756191101074218750e+02
2.666012573242187500e+02 2.667060852050781250e+02 2.668613891601562500e+02 2.672248229980468750e+02
2.711958312988281250e+02 2.709189453125000000e+02 2.716020202636718750e+02 2.713337402343750000e+02
2.663197021484375000e+02 2.664420471191406250e+02 2.669356689453125000e+02 2.673047790527343750e+02
2.623544311523437500e+02 2.636264038085937500e+02 2.642738647460937500e+02 2.649162902832031250e+02
2.708667602539062500e+02 2.708557739257812500e+02 2.710111999511718750e+02 2.711365661621093750e+02
2.707319946289062500e+02 2.708697204589843750e+02 2.719519042968750000e+02 2.721607666015625000e+02
2.649424133300781250e+02 2.646426086425781250e+02 2.662666625976562500e+02 2.654164428710937500e+02
2.700725402832031250e+02 2.701345520019531250e+02 2.714657287597656250e+02 2.711395874023437500e+02
2.746712036132812500e+02 2.746100158691406250e+02 2.749239501953125000e+02 2.746388854980468750e+02
2.721401672363281250e+02 2.715741882324218750e+02 2.721549377441406250e+02 2.718930969238281250e+02
2.714044189453125000e+02 2.712453002929687500e+02 2.726106872558593750e+02 2.725331420898437500e+02
2.758856506347656250e+02 2.759899597167968750e+02 2.779122619628906250e+02 2.774275207519531250e+02
2.747130126953125000e+02 2.744930725097656250e+02 2.744430541992187500e+02 2.741770324707031250e+02
2.752176818847656250e+02 2.756666259765625000e+02 2.756500549316406250e+02 2.760330200195312500e+02
2.719235534667968750e+02 2.718773193359375000e+02 2.722344360351562500e+02 2.720240478515625000e+02
2.744205017089843750e+02 2.749416809082031250e+02 2.743807678222656250e+02 2.751041564941406250e+02
2.738330078125000000e+02 2.737595825195312500e+02 2.736165161132812500e+02 2.737819213867187500e+02
2.755867309570312500e+02 2.757574462890625000e+02 2.752203979492187500e+02 2.758750000000000000e+02
2.708403015136718750e+02 2.709360351562500000e+02 2.711855468750000000e+02 2.709831542968750000e+02
2.760032348632812500e+02 2.755255126953125000e+02 2.760521545410156250e+02 2.758760986328125000e+02
2.774364318847656250e+02 2.775751953125000000e+02 2.777601013183593750e+02 2.777543945312500000e+02
2.742964782714843750e+02 2.753467407226562500e+02 2.748542175292968750e+02 2.752131347656250000e+02
2.724660644531250000e+02 2.740034179687500000e+02 2.730010681152343750e+02 2.745629272460937500e+02
2.743924865722656250e+02 2.742598876953125000e+02 2.742456970214843750e+02 2.742792053222656250e+02
2.754062500000000000e+02 2.754451904296875000e+02 2.753214111328125000e+02 2.752333068847656250e+02
2.767154846191406250e+02 2.765451049804687500e+02 2.765224304199218750e+02 2.764665222167968750e+02
2.779458923339843750e+02 2.773729248046875000e+02 2.776759643554687500e+02 2.775090637207031250e+02
2.755174865722656250e+02 2.756033020019531250e+02 2.757441711425781250e+02 2.757520446777343750e+02
2.735482482910156250e+02 2.744883728027343750e+02 2.744415588378906250e+02 2.747860717773437500e+02
2.762477111816406250e+02 2.769005737304687500e+02 2.772442016601562500e+02 2.775394592285156250e+02
2.793535461425781250e+02 2.791301269531250000e+02 2.794586486816406250e+02 2.795070800781250000e+02
2.832023010253906250e+02 2.822229309082031250e+02 2.828022460937500000e+02 2.826032409667968750e+02
2.813627624511718750e+02 2.806279296875000000e+02 2.814012451171875000e+02 2.807614440917968750e+02
2.760987243652343750e+02 2.762886657714843750e+02 2.766499633789062500e+02 2.780941162109375000e+02
2.830917663574218750e+02 2.826775512695312500e+02 2.822155456542968750e+02 2.816007385253906250e+02
2.796188659667968750e+02 2.793813781738281250e+02 2.793568115234375000e+02 2.794462585449218750e+02
2.785692138671875000e+02 2.776622009277343750e+02 2.783391723632812500e+02 2.777203979492187500e+02
2.768984069824218750e+02 2.774664001464843750e+02 2.768176574707031250e+02 2.775404663085937500e+02
2.729521484375000000e+02 2.735770874023437500e+02 2.729707641601562500e+02 2.737802429199218750e+02
2.725628356933593750e+02 2.725927734375000000e+02 2.725170288085937500e+02 2.730122070312500000e+02
2.746022033691406250e+02 2.748763427734375000e+02 2.749551696777343750e+02 2.753312072753906250e+02
2.762193298339843750e+02 2.761505126953125000e+02 2.771109619140625000e+02 2.770783996582031250e+02
2.822779541015625000e+02 2.817542419433593750e+02 2.826174621582031250e+02 2.820266723632812500e+02
2.738253479003906250e+02 2.742643737792968750e+02 2.745720825195312500e+02 2.743086547851562500e+02
2.772870788574218750e+02 2.770063476562500000e+02 2.768858032226562500e+02 2.765383300781250000e+02
2.811118164062500000e+02 2.805647583007812500e+02 2.808317260742187500e+02 2.803891906738281250e+02
2.769320068359375000e+02 2.764354553222656250e+02 2.766474304199218750e+02 2.762821350097656250e+02
2.812242126464843750e+02 2.806248168945312500e+02 2.812979431152343750e+02 2.806328735351562500e+02
2.785562438964843750e+02 2.784609985351562500e+02 2.805847167968750000e+02 2.800050964355468750e+02
2.790935363769531250e+02 2.796033325195312500e+02 2.791637573242187500e+02 2.795290832519531250e+02
2.793007812500000000e+02 2.797831420898437500e+02 2.797040405273437500e+02 2.801471252441406250e+02
2.807426757812500000e+02 2.805438842773437500e+02 2.808418579101562500e+02 2.806187744140625000e+02
2.824447326660156250e+02 2.820320739746093750e+02 2.821856079101562500e+02 2.819595642089843750e+02
2.814729919433593750e+02 2.800375976562500000e+02 2.813112792968750000e+02 2.796990356445312500e+02
2.755307312011718750e+02 2.757608337402343750e+02 2.768742370605468750e+02 2.764837951660156250e+02
2.861195983886718750e+02 2.859974060058593750e+02 2.865514831542968750e+02 2.866715393066406250e+02
2.813070068359375000e+02 2.809586486816406250e+02 2.821239624023437500e+02 2.820327148437500000e+02
2.794999389648437500e+02 2.799382019042968750e+02 2.799275817871093750e+02 2.799671936035156250e+02
2.807499694824218750e+02 2.812535400390625000e+02 2.811189575195312500e+02 2.820079345703125000e+02
2.804847412109375000e+02 2.808496704101562500e+02 2.810300598144531250e+02 2.809019470214843750e+02
2.797188110351562500e+02 2.801858825683593750e+02 2.798344116210937500e+02 2.810190734863281250e+02
2.771990356445312500e+02 2.775441894531250000e+02 2.775621643066406250e+02 2.777208251953125000e+02
2.803693542480468750e+02 2.806944274902343750e+02 2.813452148437500000e+02 2.818518676757812500e+02
2.836214294433593750e+02 2.830767822265625000e+02 2.831858215332031250e+02 2.826772155761718750e+02
2.887715148925781250e+02 2.871429138183593750e+02 2.875155029296875000e+02 2.859646606445312500e+02
2.847993469238281250e+02 2.843030395507812500e+02 2.859205932617187500e+02 2.864597167968750000e+02
2.800656433105468750e+02 2.805342407226562500e+02 2.807162475585937500e+02 2.808865966796875000e+02
2.786421203613281250e+02 2.791705017089843750e+02 2.789721984863281250e+02 2.793170166015625000e+02
2.807358703613281250e+02 2.816313781738281250e+02 2.811832275390625000e+02 2.821725463867187500e+02
2.838200073242187500e+02 2.834969482421875000e+02 2.839620056152343750e+02 2.839946899414062500e+02
2.868928527832031250e+02 2.862070312500000000e+02 2.862770996093750000e+02 2.857988891601562500e+02
2.854908447265625000e+02 2.836618041992187500e+02 2.865707397460937500e+02 2.839752197265625000e+02
2.820026245117187500e+02 2.824609069824218750e+02 2.828233947753906250e+02 2.828343505859375000e+02
2.818376159667968750e+02 2.805760192871093750e+02 2.821091003417968750e+02 2.807291564941406250e+02
2.891183471679687500e+02 2.862933959960937500e+02 2.893946838378906250e+02 2.869395446777343750e+02
2.830181884765625000e+02 2.828494873046875000e+02 2.842723999023437500e+02 2.838550415039062500e+02
2.824606628417968750e+02 2.823038024902343750e+02 2.820436401367187500e+02 2.810830078125000000e+02
2.800223999023437500e+02 2.803056640625000000e+02 2.804557800292968750e+02 2.803813476562500000e+02
2.811897277832031250e+02 2.815845642089843750e+02 2.813445434570312500e+02 2.820440063476562500e+02
2.802180786132812500e+02 2.806716308593750000e+02 2.803557434082031250e+02 2.812158813476562500e+02
2.804734191894531250e+02 2.814181823730468750e+02 2.813682861328125000e+02 2.821108093261718750e+02
2.795847473144531250e+02 2.804589843750000000e+02 2.805037536621093750e+02 2.810152282714843750e+02
2.862020263671875000e+02 2.858330688476562500e+02 2.857887878417968750e+02 2.861071472167968750e+02
2.890775451660156250e+02 2.881787109375000000e+02 2.880042724609375000e+02 2.871993103027343750e+02
2.886878051757812500e+02 2.872675170898437500e+02 2.890315246582031250e+02 2.889018859863281250e+02
2.867929077148437500e+02 2.862903747558593750e+02 2.888733215332031250e+02 2.874462890625000000e+02
2.847625732421875000e+02 2.842596740722656250e+02 2.855656738281250000e+02 2.843569335937500000e+02
2.851120300292968750e+02 2.850846862792968750e+02 2.860475769042968750e+02 2.851738891601562500e+02
2.809707031250000000e+02 2.823593139648437500e+02 2.818481750488281250e+02 2.830119323730468750e+02
2.857928161621093750e+02 2.862042846679687500e+02 2.866490478515625000e+02 2.868967590332031250e+02
2.865677795410156250e+02 2.865761413574218750e+02 2.868730773925781250e+02 2.868834533691406250e+02
2.795718994140625000e+02 2.805504455566406250e+02 2.795421447753906250e+02 2.805987854003906250e+02
2.824277648925781250e+02 2.839867553710937500e+02 2.839534606933593750e+02 2.849887695312500000e+02
2.785359191894531250e+02 2.797573852539062500e+02 2.787105102539062500e+02 2.798658447265625000e+02
2.785734558105468750e+02 2.800115356445312500e+02 2.793042907714843750e+02 2.805116882324218750e+02
2.794507751464843750e+02 2.803388366699218750e+02 2.801446533203125000e+02 2.808533630371093750e+02
2.819962463378906250e+02 2.824186706542968750e+02 2.819248962402343750e+02 2.823973693847656250e+02
2.869007873535156250e+02 2.855611267089843750e+02 2.874783935546875000e+02 2.859822998046875000e+02
2.879884643554687500e+02 2.883466186523437500e+02 2.891231689453125000e+02 2.880823364257812500e+02
2.837927246093750000e+02 2.847441406250000000e+02 2.852441101074218750e+02 2.856614074707031250e+02
2.833379516601562500e+02 2.838609619140625000e+02 2.837823486328125000e+02 2.846891784667968750e+02
2.844213562011718750e+02 2.848518371582031250e+02 2.845289306640625000e+02 2.847514343261718750e+02
2.829138793945312500e+02 2.833526916503906250e+02 2.837656250000000000e+02 2.835253601074218750e+02
2.844300537109375000e+02 2.846874694824218750e+02 2.848861999511718750e+02 2.848569641113281250e+02
2.855003662109375000e+02 2.857527770996093750e+02 2.857578125000000000e+02 2.862613220214843750e+02
2.851217346191406250e+02 2.849292907714843750e+02 2.849196472167968750e+02 2.846919555664062500e+02
2.886687316894531250e+02 2.883679809570312500e+02 2.884704284667968750e+02 2.885084228515625000e+02
2.913380432128906250e+02 2.907424621582031250e+02 2.911393432617187500e+02 2.907732543945312500e+02
2.921310119628906250e+02 2.916889038085937500e+02 2.906703491210937500e+02 2.902979125976562500e+02
2.909314575195312500e+02 2.904303894042968750e+02 2.902114868164062500e+02 2.896865844726562500e+02
2.865458374023437500e+02 2.869063415527343750e+02 2.876549072265625000e+02 2.875882568359375000e+02
2.883848571777343750e+02 2.887582397460937500e+02 2.873501281738281250e+02 2.875554809570312500e+02
2.893478393554687500e+02 2.891138610839843750e+02 2.886226196289062500e+02 2.890823974609375000e+02
2.871314086914062500e+02 2.876083068847656250e+02 2.875577392578125000e+02 2.875066833496093750e+02
2.896922302246093750e+02 2.892948303222656250e+02 2.896804504394531250e+02 2.898088378906250000e+02
2.899854431152343750e+02 2.902260742187500000e+02 2.903966979980468750e+02 2.901548156738281250e+02
2.908868103027343750e+02 2.909400634765625000e+02 2.918085632324218750e+02 2.918527221679687500e+02
2.902514343261718750e+02 2.903747863769531250e+02 2.902228088378906250e+02 2.908672180175781250e+02
2.923590393066406250e+02 2.922830810546875000e+02 2.916930847167968750e+02 2.914233093261718750e+02
2.845951232910156250e+02 2.853497009277343750e+02 2.849635620117187500e+02 2.855971374511718750e+02
2.866048583984375000e+02 2.870004272460937500e+02 2.882485351562500000e+02 2.892043762207031250e+02
2.878560791015625000e+02 2.880503234863281250e+02 2.883387451171875000e+02 2.883746032714843750e+02
2.873250732421875000e+02 2.881432495117187500e+02 2.887697448730468750e+02 2.892083129882812500e+02
2.908099670410156250e+02 2.904367675781250000e+02 2.909929504394531250e+02 2.911228942871093750e+02
2.915993347167968750e+02 2.916439514160156250e+02 2.930575866699218750e+02 2.927088317871093750e+02
2.871902465820312500e+02 2.876537170410156250e+02 2.875299682617187500e+02 2.888602294921875000e+02
2.875061340332031250e+02 2.880193786621093750e+02 2.881935119628906250e+02 2.889898071289062500e+02
2.914414062500000000e+02 2.913828735351562500e+02 2.911092834472656250e+02 2.912956542968750000e+02
2.948742065429687500e+02 2.938774414062500000e+02 2.935341796875000000e+02 2.928340454101562500e+02
2.946976318359375000e+02 2.941466064453125000e+02 2.945335083007812500e+02 2.936635437011718750e+02
2.927153320312500000e+02 2.928822937011718750e+02 2.931105957031250000e+02 2.938193054199218750e+02
2.891288146972656250e+02 2.893040771484375000e+02 2.897391052246093750e+02 2.900471496582031250e+02
2.935937194824218750e+02 2.929183654785156250e+02 2.932909240722656250e+02 2.930269470214843750e+02
2.976405334472656250e+02 2.969356079101562500e+02 2.975513916015625000e+02 2.967463378906250000e+02
2.967294921875000000e+02 2.962016601562500000e+02 2.961941528320312500e+02 2.954734802246093750e+02
2.953883361816406250e+02 2.957617187500000000e+02 2.953817749023437500e+02 2.955595092773437500e+02
2.918338928222656250e+02 2.926748962402343750e+02 2.926952514648437500e+02 2.934763488769531250e+02
2.891767578125000000e+02 2.899103698730468750e+02 2.898977661132812500e+02 2.908743286132812500e+02
2.897491455078125000e+02 2.900760192871093750e+02 2.896938781738281250e+02 2.904564514160156250e+02
2.928141479492187500e+02 2.927123107910156250e+02 2.933495483398437500e+02 2.935948486328125000e+02
2.910140380859375000e+02 2.910511779785156250e+02 2.911819458007812500e+02 2.903145446777343750e+02
2.933161621093750000e+02 2.934182434082031250e+02 2.934739074707031250e+02 2.933999023437500000e+02
2.930198669433593750e+02 2.931151733398437500e+02 2.927344970703125000e+02 2.929588623046875000e+02
2.901659545898437500e+02 2.907889709472656250e+02 2.910540771484375000e+02 2.915932006835937500e+02
2.900832824707031250e+02 2.905135192871093750e+02 2.914220886230468750e+02 2.915425109863281250e+02
2.940511169433593750e+02 2.936321105957031250e+02 2.948391113281250000e+02 2.936473999023437500e+02
2.940240478515625000e+02 2.939444885253906250e+02 2.943243408203125000e+02 2.943633117675781250e+02
2.945695495605468750e+02 2.946204528808593750e+02 2.953190307617187500e+02 2.951461486816406250e+02
2.929855346679687500e+02 2.931434020996093750e+02 2.942025146484375000e+02 2.941051635742187500e+02
2.960141601562500000e+02 2.957386779785156250e+02 2.961871643066406250e+02 2.963559570312500000e+02
2.937218627929687500e+02 2.940154113769531250e+02 2.943713378906250000e+02 2.947363891601562500e+02
2.932597961425781250e+02 2.930858154296875000e+02 2.932754516601562500e+02 2.934567871093750000e+02
2.989761047363281250e+02 2.983912658691406250e+02 2.988101806640625000e+02 2.978968505859375000e+02
2.907510375976562500e+02 2.912066955566406250e+02 2.920820007324218750e+02 2.917337341308593750e+02
2.907337036132812500e+02 2.903790588378906250e+02 2.921898498535156250e+02 2.911400756835937500e+02
2.903808593750000000e+02 2.907284545898437500e+02 2.909384460449218750e+02 2.912143554687500000e+02
2.897270507812500000e+02 2.899551086425781250e+02 2.906703796386718750e+02 2.902733459472656250e+02
2.899419250488281250e+02 2.907812194824218750e+02 2.910972595214843750e+02 2.920727233886718750e+02
2.937384948730468750e+02 2.940234680175781250e+02 2.945076904296875000e+02 2.949337158203125000e+02
2.878784179687500000e+02 2.885872802734375000e+02 2.885975341796875000e+02 2.887947692871093750e+02
2.860456237792968750e+02 2.869066772460937500e+02 2.861549987792968750e+02 2.871770629882812500e+02
2.854919128417968750e+02 2.866094665527343750e+02 2.869437561035156250e+02 2.879533691406250000e+02
2.902676391601562500e+02 2.902908020019531250e+02 2.907016601562500000e+02 2.904990539550781250e+02
2.895659790039062500e+02 2.894514465332031250e+02 2.898067932128906250e+02 2.895372009277343750e+02
2.889947509765625000e+02 2.892857971191406250e+02 2.892484436035156250e+02 2.894037170410156250e+02
2.892760314941406250e+02 2.902373352050781250e+02 2.905339355468750000e+02 2.897510375976562500e+02
2.860302429199218750e+02 2.867442016601562500e+02 2.861397094726562500e+02 2.869361267089843750e+02
2.882091369628906250e+02 2.882330932617187500e+02 2.878409729003906250e+02 2.878447570800781250e+02
2.909134521484375000e+02 2.910899353027343750e+02 2.908835754394531250e+02 2.913756408691406250e+02
2.889629516601562500e+02 2.881921997070312500e+02 2.893581237792968750e+02 2.898164062500000000e+02
2.941929321289062500e+02 2.935513916015625000e+02 2.945142211914062500e+02 2.939532470703125000e+02
2.902254943847656250e+02 2.893451538085937500e+02 2.905779113769531250e+02 2.887803955078125000e+02
2.901742858886718750e+02 2.900950622558593750e+02 2.905020141601562500e+02 2.900744934082031250e+02
2.893482971191406250e+02 2.895815124511718750e+02 2.895976257324218750e+02 2.899160766601562500e+02
2.937870788574218750e+02 2.933688964843750000e+02 2.938666076660156250e+02 2.935899353027343750e+02
2.929834289550781250e+02 2.925671386718750000e+02 2.933496093750000000e+02 2.931008605957031250e+02
2.955655212402343750e+02 2.948656616210937500e+02 2.951838989257812500e+02 2.946480102539062500e+02
2.916113586425781250e+02 2.919887695312500000e+02 2.921750488281250000e+02 2.926931762695312500e+02
2.868678283691406250e+02 2.879942321777343750e+02 2.882624816894531250e+02 2.895112304687500000e+02
2.885797729492187500e+02 2.888593444824218750e+02 2.894644165039062500e+02 2.899714660644531250e+02
2.910366210937500000e+02 2.911309814453125000e+02 2.915866088867187500e+02 2.918003234863281250e+02
2.887785644531250000e+02 2.894441223144531250e+02 2.898543701171875000e+02 2.904587402343750000e+02
2.838981323242187500e+02 2.850209045410156250e+02 2.846149291992187500e+02 2.857614135742187500e+02
2.799708251953125000e+02 2.817257995605468750e+02 2.810212707519531250e+02 2.829785766601562500e+02
2.887480773925781250e+02 2.889881286621093750e+02 2.894829711914062500e+02 2.892028198242187500e+02
2.811597290039062500e+02 2.818525085449218750e+02 2.813166503906250000e+02 2.825288085937500000e+02
2.873481445312500000e+02 2.880508728027343750e+02 2.879273986816406250e+02 2.868627929687500000e+02
2.869157104492187500e+02 2.874429626464843750e+02 2.875806579589843750e+02 2.877196350097656250e+02
2.882838134765625000e+02 2.880572814941406250e+02 2.892649841308593750e+02 2.890851745605468750e+02
2.865207519531250000e+02 2.861024169921875000e+02 2.865646057128906250e+02 2.857380676269531250e+02
2.816334838867187500e+02 2.831322631835937500e+02 2.818561706542968750e+02 2.830887145996093750e+02
2.836083984375000000e+02 2.842305297851562500e+02 2.843318176269531250e+02 2.846643676757812500e+02
2.882548522949218750e+02 2.877220153808593750e+02 2.897779235839843750e+02 2.874179382324218750e+02
2.807426757812500000e+02 2.822937316894531250e+02 2.817065124511718750e+02 2.837766723632812500e+02
2.822138977050781250e+02 2.834935607910156250e+02 2.840416870117187500e+02 2.843290710449218750e+02
2.902798461914062500e+02 2.893339538574218750e+02 2.899364013671875000e+02 2.893110961914062500e+02
2.926303100585937500e+02 2.914500427246093750e+02 2.922691650390625000e+02 2.915870971679687500e+02
2.910462646484375000e+02 2.906108703613281250e+02 2.927093200683593750e+02 2.917066955566406250e+02
2.814317626953125000e+02 2.808079223632812500e+02 2.821356201171875000e+02 2.809582824707031250e+02
2.776961669921875000e+02 2.788757324218750000e+02 2.785419616699218750e+02 2.793032836914062500e+02
2.855976562500000000e+02 2.865028381347656250e+02 2.867465209960937500e+02 2.869212646484375000e+02
2.798576049804687500e+02 2.799619750976562500e+02 2.799547119140625000e+02 2.805617065429687500e+02
2.772970886230468750e+02 2.777843933105468750e+02 2.779156494140625000e+02 2.782033081054687500e+02
2.788878784179687500e+02 2.800552673339843750e+02 2.806313781738281250e+02 2.814152832031250000e+02
2.789815979003906250e+02 2.795665893554687500e+02 2.803905944824218750e+02 2.803963012695312500e+02
2.816283569335937500e+02 2.825094604492187500e+02 2.827961425781250000e+02 2.832702636718750000e+02
2.851510925292968750e+02 2.849319152832031250e+02 2.856878356933593750e+02 2.854369201660156250e+02
2.857371826171875000e+02 2.850348205566406250e+02 2.856609802246093750e+02 2.858459777832031250e+02
2.848401184082031250e+02 2.851436157226562500e+02 2.856186828613281250e+02 2.856058959960937500e+02
2.798355407714843750e+02 2.812368469238281250e+02 2.804939880371093750e+02 2.829273986816406250e+02
2.820659790039062500e+02 2.829443054199218750e+02 2.828162231445312500e+02 2.820533752441406250e+02
2.788533325195312500e+02 2.804337768554687500e+02 2.796701965332031250e+02 2.809667968750000000e+02
2.755919189453125000e+02 2.776447753906250000e+02 2.765512084960937500e+02 2.783052062988281250e+02
2.818805541992187500e+02 2.820716552734375000e+02 2.827143859863281250e+02 2.816630859375000000e+02
2.723005676269531250e+02 2.740875244140625000e+02 2.735774536132812500e+02 2.751195983886718750e+02
2.778024291992187500e+02 2.781793212890625000e+02 2.788417968750000000e+02 2.786382446289062500e+02
2.820826416015625000e+02 2.825342102050781250e+02 2.824451599121093750e+02 2.829895324707031250e+02
2.778803100585937500e+02 2.784421386718750000e+02 2.782971496582031250e+02 2.788887939453125000e+02
2.753913574218750000e+02 2.755336303710937500e+02 2.751504211425781250e+02 2.753735656738281250e+02
2.713095703125000000e+02 2.728377990722656250e+02 2.723555297851562500e+02 2.732580871582031250e+02
2.781097106933593750e+02 2.787289428710937500e+02 2.790294494628906250e+02 2.792713012695312500e+02
2.827117919921875000e+02 2.827428894042968750e+02 2.841020202636718750e+02 2.833479919433593750e+02
2.869176635742187500e+02 2.862112426757812500e+02 2.876235351562500000e+02 2.864655151367187500e+02
2.850503540039062500e+02 2.851387939453125000e+02 2.854867553710937500e+02 2.850371704101562500e+02
2.791341247558593750e+02 2.794789733886718750e+02 2.797555236816406250e+02 2.799557189941406250e+02
2.748655700683593750e+02 2.756322021484375000e+02 2.756191101074218750e+02 2.760298156738281250e+02
2.775982666015625000e+02 2.781461181640625000e+02 2.782868041992187500e+02 2.788001098632812500e+02
2.733531188964843750e+02 2.737135620117187500e+02 2.738410644531250000e+02 2.742059326171875000e+02
2.697387390136718750e+02 2.721205444335937500e+02 2.703403015136718750e+02 2.734330139160156250e+02
2.724143371582031250e+02 2.743670349121093750e+02 2.737740783691406250e+02 2.747311401367187500e+02
2.795008850097656250e+02 2.794432678222656250e+02 2.798124084472656250e+02 2.796544494628906250e+02
2.779765014648437500e+02 2.776723022460937500e+02 2.778672485351562500e+02 2.779301452636718750e+02
2.765756835937500000e+02 2.772035522460937500e+02 2.769220886230468750e+02 2.772345581054687500e+02
2.735959777832031250e+02 2.737879333496093750e+02 2.728484497070312500e+02 2.734432983398437500e+02
2.701381835937500000e+02 2.710970458984375000e+02 2.705090637207031250e+02 2.716390991210937500e+02
2.703684692382812500e+02 2.712245178222656250e+02 2.705637817382812500e+02 2.713734436035156250e+02
2.782526245117187500e+02 2.786763916015625000e+02 2.779789123535156250e+02 2.784362182617187500e+02
2.735074462890625000e+02 2.738067321777343750e+02 2.734761657714843750e+02 2.737103881835937500e+02
2.671084594726562500e+02 2.684311218261718750e+02 2.670952148437500000e+02 2.689537658691406250e+02
2.732089538574218750e+02 2.738653869628906250e+02 2.748398742675781250e+02 2.750325012207031250e+02
2.784754638671875000e+02 2.790999145507812500e+02 2.787100524902343750e+02 2.793464355468750000e+02
2.681944580078125000e+02 2.695711975097656250e+02 2.688354187011718750e+02 2.698650817871093750e+02
2.755725708007812500e+02 2.754882202148437500e+02 2.758893737792968750e+02 2.754834289550781250e+02
2.753274230957031250e+02 2.754778442382812500e+02 2.766926879882812500e+02 2.764852294921875000e+02
2.688756103515625000e+02 2.694778747558593750e+02 2.693894958496093750e+02 2.698244018554687500e+02
2.739792175292968750e+02 2.742475585937500000e+02 2.737480163574218750e+02 2.741351928710937500e+02
2.726775512695312500e+02 2.730707702636718750e+02 2.723182373046875000e+02 2.728925781250000000e+02
2.734667053222656250e+02 2.734653930664062500e+02 2.736445922851562500e+02 2.735786743164062500e+02
2.712988891601562500e+02 2.716858215332031250e+02 2.714159545898437500e+02 2.717363281250000000e+02
2.785361328125000000e+02 2.781594848632812500e+02 2.787711791992187500e+02 2.787910156250000000e+02
2.715756225585937500e+02 2.724631958007812500e+02 2.729208374023437500e+02 2.730638122558593750e+02
2.702335205078125000e+02 2.711292114257812500e+02 2.709963073730468750e+02 2.711583862304687500e+02
2.669387207031250000e+02 2.680724182128906250e+02 2.672006225585937500e+02 2.682517395019531250e+02
2.723850402832031250e+02 2.726540222167968750e+02 2.725563049316406250e+02 2.725491943359375000e+02
2.690832824707031250e+02 2.698890075683593750e+02 2.703003234863281250e+02 2.711656188964843750e+02
2.660906677246093750e+02 2.678364257812500000e+02 2.681200561523437500e+02 2.687235107421875000e+02
2.679325561523437500e+02 2.701596069335937500e+02 2.704696655273437500e+02 2.719155273437500000e+02
2.729116821289062500e+02 2.733580017089843750e+02 2.728855285644531250e+02 2.731697998046875000e+02
2.673976745605468750e+02 2.696933288574218750e+02 2.686094665527343750e+02 2.703858642578125000e+02
2.758881835937500000e+02 2.766688537597656250e+02 2.769393920898437500e+02 2.775021057128906250e+02
2.780389404296875000e+02 2.782652893066406250e+02 2.786176757812500000e+02 2.784288024902343750e+02
2.726950988769531250e+02 2.727854309082031250e+02 2.729797973632812500e+02 2.731609191894531250e+02
2.698960571289062500e+02 2.702615966796875000e+02 2.699226379394531250e+02 2.701461181640625000e+02
2.731509094238281250e+02 2.739539794921875000e+02 2.734480590820312500e+02 2.744700317382812500e+02
2.745274963378906250e+02 2.745878295898437500e+02 2.747755126953125000e+02 2.751625671386718750e+02
2.730683593750000000e+02 2.729283142089843750e+02 2.727712097167968750e+02 2.728110961914062500e+02
2.743731384277343750e+02 2.739812622070312500e+02 2.750806274414062500e+02 2.751066894531250000e+02
2.722295532226562500e+02 2.726615600585937500e+02 2.724796752929687500e+02 2.729349975585937500e+02
2.676021118164062500e+02 2.669413146972656250e+02 2.675722656250000000e+02 2.672364196777343750e+02
2.659842529296875000e+02 2.660005493164062500e+02 2.660537719726562500e+02 2.665157470703125000e+02
2.657126770019531250e+02 2.659130249023437500e+02 2.665592346191406250e+02 2.666468811035156250e+02
2.658194274902343750e+02 2.665906677246093750e+02 2.662875671386718750e+02 2.668916931152343750e+02
2.669979858398437500e+02 2.685909118652343750e+02 2.672763061523437500e+02 2.688526306152343750e+02
2.726697082519531250e+02 2.727244262695312500e+02 2.739506225585937500e+02 2.738875122070312500e+02
2.751824035644531250e+02 2.748852233886718750e+02 2.751621704101562500e+02 2.745025024414062500e+02
2.718500976562500000e+02 2.725105285644531250e+02 2.728001403808593750e+02 2.734975891113281250e+02
2.643291320800781250e+02 2.643684997558593750e+02 2.650442199707031250e+02 2.647266845703125000e+02
2.634377746582031250e+02 2.640391845703125000e+02 2.647236938476562500e+02 2.645768432617187500e+02
2.696821899414062500e+02 2.697020874023437500e+02 2.715332031250000000e+02 2.710633239746093750e+02
2.647900695800781250e+02 2.649788208007812500e+02 2.651849060058593750e+02 2.651552734375000000e+02
2.596204528808593750e+02 2.600023498535156250e+02 2.607109680175781250e+02 2.609638977050781250e+02
2.676936950683593750e+02 2.679071350097656250e+02 2.694852600097656250e+02 2.688817138671875000e+02
2.590199584960937500e+02 2.620671081542968750e+02 2.637418212890625000e+02 2.645181579589843750e+02
2.537309112548828125e+02 2.560144042968750000e+02 2.596911010742187500e+02 2.604096069335937500e+02
2.631881103515625000e+02 2.636846618652343750e+02 2.640359802246093750e+02 2.645742797851562500e+02
2.528252868652343750e+02 2.560140380859375000e+02 2.563549499511718750e+02 2.572398376464843750e+02
2.565270690917968750e+02 2.575945739746093750e+02 2.578120117187500000e+02 2.575769958496093750e+02
2.566480407714843750e+02 2.594579772949218750e+02 2.593835144042968750e+02 2.597647094726562500e+02
2.655569458007812500e+02 2.668856811523437500e+02 2.675534667968750000e+02 2.673659057617187500e+02
2.677838134765625000e+02 2.681347656250000000e+02 2.683108520507812500e+02 2.688278808593750000e+02
2.500277404785156250e+02 2.498911743164062500e+02 2.503596191406250000e+02 2.498127593994140625e+02
2.503123321533203125e+02 2.512942047119140625e+02 2.510912628173828125e+02 2.514174346923828125e+02
2.609892578125000000e+02 2.625319824218750000e+02 2.638020935058593750e+02 2.651713562011718750e+02
2.655748291015625000e+02 2.688153076171875000e+02 2.678558654785156250e+02 2.705393981933593750e+02
2.714195556640625000e+02 2.721960754394531250e+02 2.727847290039062500e+02 2.726468200683593750e+02
2.656371459960937500e+02 2.656873168945312500e+02 2.668059387207031250e+02 2.665661315917968750e+02
2.585536804199218750e+02 2.589403076171875000e+02 2.593980407714843750e+02 2.595262756347656250e+02
