2.848434143066406250e+02 2.856100158691406250e+02 2.858629760742187500e+02 2.857651367187500000e+02
2.863456726074218750e+02 2.864255676269531250e+02 2.867301330566406250e+02 2.860917358398437500e+02
2.884930725097656250e+02 2.913821411132812500e+02 2.899291381835937500e+02 2.919949951171875000e+02
2.683340759277343750e+02 2.694392395019531250e+02 2.693697814941406250e+02 2.707921142578125000e+02
2.693899841308593750e+02 2.698621520996093750e+02 2.703101806640625000e+02 2.703554992675781250e+02
2.728812255859375000e+02 2.751822204589843750e+02 2.737640991210937500e+02 2.754519653320312500e+02
2.744062805175781250e+02 2.765651245117187500e+02 2.776703796386718750e+02 2.787039184570312500e+02
2.842872924804687500e+02 2.853711242675781250e+02 2.846096191406250000e+02 2.855735473632812500e+02
2.746044006347656250e+02 2.764058227539062500e+02 2.760791015625000000e+02 2.772749633789062500e+02
2.709078369140625000e+02 2.711622314453125000e+02 2.719815979003906250e+02 2.725710754394531250e+02
2.692244873046875000e+02 2.709900512695312500e+02 2.703556823730468750e+02 2.716604003906250000e+02
2.667959594726562500e+02 2.672607727050781250e+02 2.679664916992187500e+02 2.687799987792968750e+02
2.745996093750000000e+02 2.766092529296875000e+02 2.753472290039062500e+02 2.766086730957031250e+02
2.790295410156250000e+02 2.800174255371093750e+02 2.802135925292968750e+02 2.810598449707031250e+02
2.776108703613281250e+02 2.797921142578125000e+02 2.786527404785156250e+02 2.803855285644531250e+02
2.729863891601562500e+02 2.741523742675781250e+02 2.748054199218750000e+02 2.756678771972656250e+02
2.709197387695312500e+02 2.722118225097656250e+02 2.723335266113281250e+02 2.730695190429687500e+02
2.700934143066406250e+02 2.733206481933593750e+02 2.724124145507812500e+02 2.745306091308593750e+02
2.648222656250000000e+02 2.659530639648437500e+02 2.660177001953125000e+02 2.666004943847656250e+02
2.688085021972656250e+02 2.713003540039062500e+02 2.706971130371093750e+02 2.723338317871093750e+02
2.831846618652343750e+02 2.858357238769531250e+02 2.851420288085937500e+02 2.864650573730468750e+02
2.810082397460937500e+02 2.828695983886718750e+02 2.810303955078125000e+02 2.826353454589843750e+02
2.768226623535156250e+02 2.775074462890625000e+02 2.776670532226562500e+02 2.772553405761718750e+02
2.769289855957031250e+02 2.779940490722656250e+02 2.778765869140625000e+02 2.782239990234375000e+02
2.783957519531250000e+02 2.792821350097656250e+02 2.796359252929687500e+02 2.802881164550781250e+02
2.756993408203125000e+02 2.762788085937500000e+02 2.760292968750000000e+02 2.761409912109375000e+02
2.806355285644531250e+02 2.809978027343750000e+02 2.808714904785156250e+02 2.810027770996093750e+02
2.779882812500000000e+02 2.778858642578125000e+02 2.774635314941406250e+02 2.778342895507812500e+02
2.797453002929687500e+02 2.801002502441406250e+02 2.798981323242187500e+02 2.799815063476562500e+02
2.766660156250000000e+02 2.770718994140625000e+02 2.776787109375000000e+02 2.774807128906250000e+02
2.745884399414062500e+02 2.755556030273437500e+02 2.757264099121093750e+02 2.763950500488281250e+02
2.724980163574218750e+02 2.732856750488281250e+02 2.731097106933593750e+02 2.740727539062500000e+02
2.706970520019531250e+02 2.715844726562500000e+02 2.719161682128906250e+02 2.721744995117187500e+02
2.722399291992187500e+02 2.728612060546875000e+02 2.737605590820312500e+02 2.737868041992187500e+02
2.741341552734375000e+02 2.749855651855468750e+02 2.750054016113281250e+02 2.748600463867187500e+02
2.711729125976562500e+02 2.726928710937500000e+02 2.722914428710937500e+02 2.733239440917968750e+02
2.678444519042968750e+02 2.685081176757812500e+02 2.689934997558593750e+02 2.692852172851562500e+02
2.719158325195312500e+02 2.716961364746093750e+02 2.719420776367187500e+02 2.714566345214843750e+02
2.727471923828125000e+02 2.734788818359375000e+02 2.731585083007812500e+02 2.733974609375000000e+02
2.681277465820312500e+02 2.698270874023437500e+02 2.688938598632812500e+02 2.701136474609375000e+02
2.619681396484375000e+02 2.628343811035156250e+02 2.627744140625000000e+02 2.632225036621093750e+02
2.603669433593750000e+02 2.611431274414062500e+02 2.611816711425781250e+02 2.616032104492187500e+02
2.641921386718750000e+02 2.651857910156250000e+02 2.653987731933593750e+02 2.654575805664062500e+02
2.632161560058593750e+02 2.642436828613281250e+02 2.649319152832031250e+02 2.650835876464843750e+02
2.613022460937500000e+02 2.620747070312500000e+02 2.619666748046875000e+02 2.623109130859375000e+02
2.655490417480468750e+02 2.660343017578125000e+02 2.670602416992187500e+02 2.667161560058593750e+02
2.661382141113281250e+02 2.664534301757812500e+02 2.667033081054687500e+02 2.662803955078125000e+02
2.622588806152343750e+02 2.639123535156250000e+02 2.639698486328125000e+02 2.653794860839843750e+02
2.656494445800781250e+02 2.662938842773437500e+02 2.655396728515625000e+02 2.664151611328125000e+02
2.706199645996093750e+02 2.716114501953125000e+02 2.708272705078125000e+02 2.721422119140625000e+02
2.778264465332031250e+02 2.778189086914062500e+02 2.762487487792968750e+02 2.757117309570312500e+02
2.800862121582031250e+02 2.798112792968750000e+02 2.783497924804687500e+02 2.780864257812500000e+02
2.821663818359375000e+02 2.815878601074218750e+02 2.817647399902343750e+02 2.813856811523437500e+02
2.772901611328125000e+02 2.775885314941406250e+02 2.780572814941406250e+02 2.780157775878906250e+02
2.787361145019531250e+02 2.793833618164062500e+02 2.804486083984375000e+02 2.805546875000000000e+02
2.774013061523437500e+02 2.771984863281250000e+02 2.777167053222656250e+02 2.780812683105468750e+02
2.757062072753906250e+02 2.758360290527343750e+02 2.758628845214843750e+02 2.759938659667968750e+02
2.776660156250000000e+02 2.778737487792968750e+02 2.771335144042968750e+02 2.768780212402343750e+02
2.820427246093750000e+02 2.815865173339843750e+02 2.824902038574218750e+02 2.824815673828125000e+02
2.817332458496093750e+02 2.812464599609375000e+02 2.824195861816406250e+02 2.826952209472656250e+02
2.789154663085937500e+02 2.792565307617187500e+02 2.796621398925781250e+02 2.805872192382812500e+02
2.787257995605468750e+02 2.778186950683593750e+02 2.795755004882812500e+02 2.790815429687500000e+02
2.834469299316406250e+02 2.835599365234375000e+02 2.821792602539062500e+02 2.823901367187500000e+02
2.882895507812500000e+02 2.883801269531250000e+02 2.876025390625000000e+02 2.880571594238281250e+02
2.850471191406250000e+02 2.849373474121093750e+02 2.844759521484375000e+02 2.851169738769531250e+02
2.829477539062500000e+02 2.829188232421875000e+02 2.824647827148437500e+02 2.829419250488281250e+02
2.802310485839843750e+02 2.800686645507812500e+02 2.807862854003906250e+02 2.811192932128906250e+02
2.824485778808593750e+02 2.816673583984375000e+02 2.833565063476562500e+02 2.819089965820312500e+02
2.805229492187500000e+02 2.813259277343750000e+02 2.808672790527343750e+02 2.817385864257812500e+02
2.799471435546875000e+02 2.805128479003906250e+02 2.800310974121093750e+02 2.810274963378906250e+02
2.741950073242187500e+02 2.755371093750000000e+02 2.754907531738281250e+02 2.767144165039062500e+02
2.775071105957031250e+02 2.775982666015625000e+02 2.768148803710937500e+02 2.783927001953125000e+02
2.855076904296875000e+02 2.857144775390625000e+02 2.843335266113281250e+02 2.853262939453125000e+02
2.836931762695312500e+02 2.852557067871093750e+02 2.847116699218750000e+02 2.860001831054687500e+02
2.752794494628906250e+02 2.769201354980468750e+02 2.761888427734375000e+02 2.775297241210937500e+02
2.772635498046875000e+02 2.771346435546875000e+02 2.779659729003906250e+02 2.777036743164062500e+02
2.762651367187500000e+02 2.756687011718750000e+02 2.764463500976562500e+02 2.764156494140625000e+02
2.818439025878906250e+02 2.806407470703125000e+02 2.816419677734375000e+02 2.811300048828125000e+02
2.843073730468750000e+02 2.834093627929687500e+02 2.848130187988281250e+02 2.830561523437500000e+02
2.857578430175781250e+02 2.828633728027343750e+02 2.847244873046875000e+02 2.834002990722656250e+02
2.934580993652343750e+02 2.923168640136718750e+02 2.939964294433593750e+02 2.919646606445312500e+02
2.956719970703125000e+02 2.937648620605468750e+02 2.938663635253906250e+02 2.923566894531250000e+02
2.910292053222656250e+02 2.900028381347656250e+02 2.896745300292968750e+02 2.896468811035156250e+02
2.865323791503906250e+02 2.855499572753906250e+02 2.857951049804687500e+02 2.866564941406250000e+02
2.839501342773437500e+02 2.844023742675781250e+02 2.849046020507812500e+02 2.857409973144531250e+02
2.794240417480468750e+02 2.807387084960937500e+02 2.808733215332031250e+02 2.820591125488281250e+02
2.806096496582031250e+02 2.807286071777343750e+02 2.808229675292968750e+02 2.808074951171875000e+02
2.827023925781250000e+02 2.831732788085937500e+02 2.818192138671875000e+02 2.826519470214843750e+02
2.860083618164062500e+02 2.848850402832031250e+02 2.883048095703125000e+02 2.872005310058593750e+02
2.918989562988281250e+02 2.899016418457031250e+02 2.899652099609375000e+02 2.879243469238281250e+02
2.832382507324218750e+02 2.817323608398437500e+02 2.834435729980468750e+02 2.809958496093750000e+02
2.793838500976562500e+02 2.792560729980468750e+02 2.791841125488281250e+02 2.792624206542968750e+02
2.874278564453125000e+02 2.877463073730468750e+02 2.876957092285156250e+02 2.874500122070312500e+02
2.811297302246093750e+02 2.821523742675781250e+02 2.823976745605468750e+02 2.835801086425781250e+02
2.832682495117187500e+02 2.833025512695312500e+02 2.840126037597656250e+02 2.838804321289062500e+02
2.835702514648437500e+02 2.850034484863281250e+02 2.838949279785156250e+02 2.841192626953125000e+02
2.785164794921875000e+02 2.791333923339843750e+02 2.787845153808593750e+02 2.793400878906250000e+02
2.813955688476562500e+02 2.822008056640625000e+02 2.819331359863281250e+02 2.824025878906250000e+02
2.789961853027343750e+02 2.801683044433593750e+02 2.793540954589843750e+02 2.803810119628906250e+02
2.816548767089843750e+02 2.826816711425781250e+02 2.822970886230468750e+02 2.831464233398437500e+02
2.860192871093750000e+02 2.864814147949218750e+02 2.871575622558593750e+02 2.872568664550781250e+02
2.890401916503906250e+02 2.880376281738281250e+02 2.905386657714843750e+02 2.887402038574218750e+02
2.838397216796875000e+02 2.824029235839843750e+02 2.835262145996093750e+02 2.827544555664062500e+02
2.790078735351562500e+02 2.788854370117187500e+02 2.791330261230468750e+02 2.791632995605468750e+02
2.808846130371093750e+02 2.802327880859375000e+02 2.815752868652343750e+02 2.801113281250000000e+02
2.802656250000000000e+02 2.805864257812500000e+02 2.803361816406250000e+02 2.810603027343750000e+02
2.856256103515625000e+02 2.859293823242187500e+02 2.858119812011718750e+02 2.855217285156250000e+02
2.852792663574218750e+02 2.840202331542968750e+02 2.856348876953125000e+02 2.844257507324218750e+02
2.861741027832031250e+02 2.859284057617187500e+02 2.866257324218750000e+02 2.862037353515625000e+02
2.875794677734375000e+02 2.868211059570312500e+02 2.877401428222656250e+02 2.869852294921875000e+02
2.895020141601562500e+02 2.876489562988281250e+02 2.889650573730468750e+02 2.871069335937500000e+02
2.913540649414062500e+02 2.902120361328125000e+02 2.892680664062500000e+02 2.886771545410156250e+02
2.959915161132812500e+02 2.947963256835937500e+02 2.968907470703125000e+02 2.964708862304687500e+02
2.964382934570312500e+02 2.947265625000000000e+02 2.940916748046875000e+02 2.926297912597656250e+02
2.927349853515625000e+02 2.902690429687500000e+02 2.924733581542968750e+02 2.901605224609375000e+02
2.948595581054687500e+02 2.937040405273437500e+02 2.933788757324218750e+02 2.929485473632812500e+02
2.897684326171875000e+02 2.887818298339843750e+02 2.886718750000000000e+02 2.888922119140625000e+02
2.940998840332031250e+02 2.916835937500000000e+02 2.930158996582031250e+02 2.911640625000000000e+02
2.925403137207031250e+02 2.909037475585937500e+02 2.935015869140625000e+02 2.910844726562500000e+02
2.941631774902343750e+02 2.923815917968750000e+02 2.933821716308593750e+02 2.917168273925781250e+02
2.941466369628906250e+02 2.942589416503906250e+02 2.943341674804687500e+02 2.950103759765625000e+02
2.894502563476562500e+02 2.896408996582031250e+02 2.895200500488281250e+02 2.897778930664062500e+02
2.933135681152343750e+02 2.911997985839843750e+02 2.925191040039062500e+02 2.915750732421875000e+02
2.937837219238281250e+02 2.933634643554687500e+02 2.945131225585937500e+02 2.946337280273437500e+02
2.891013793945312500e+02 2.889529418945312500e+02 2.898698730468750000e+02 2.898657836914062500e+02
2.891203308105468750e+02 2.889374389648437500e+02 2.888536376953125000e+02 2.891552124023437500e+02
2.942297668457031250e+02 2.936731262207031250e+02 2.939486694335937500e+02 2.937601928710937500e+02
2.973681335449218750e+02 2.941638793945312500e+02 2.962489929199218750e+02 2.943954772949218750e+02
3.062108764648437500e+02 3.042001647949218750e+02 3.038642272949218750e+02 3.020667419433593750e+02
3.061932067871093750e+02 3.053253173828125000e+02 3.064359741210937500e+02 3.057891845703125000e+02
3.016368103027343750e+02 3.018643493652343750e+02 3.013585510253906250e+02 3.014758300781250000e+02
2.925681457519531250e+02 2.914719238281250000e+02 2.908878479003906250e+02 2.907749023437500000e+02
2.945679016113281250e+02 2.932420043945312500e+02 2.916957702636718750e+02 2.912564697265625000e+02
2.921202392578125000e+02 2.915643005371093750e+02 2.913836364746093750e+02 2.909999084472656250e+02
2.937203979492187500e+02 2.913005676269531250e+02 2.926400451660156250e+02 2.914067687988281250e+02
2.968304748535156250e+02 2.953739013671875000e+02 2.957956237792968750e+02 2.956112976074218750e+02
2.931204223632812500e+02 2.915548706054687500e+02 2.928491516113281250e+02 2.921114196777343750e+02
2.901066589355468750e+02 2.889824523925781250e+02 2.915972595214843750e+02 2.898705444335937500e+02
2.886943359375000000e+02 2.879280700683593750e+02 2.898884277343750000e+02 2.891449279785156250e+02
2.909683837890625000e+02 2.899380798339843750e+02 2.917355957031250000e+02 2.908514709472656250e+02
2.939048156738281250e+02 2.921792297363281250e+02 2.938290405273437500e+02 2.929314575195312500e+02
2.963487854003906250e+02 2.953016662597656250e+02 2.967130432128906250e+02 2.962698669433593750e+02
2.927507934570312500e+02 2.917289733886718750e+02 2.910819702148437500e+02 2.909364013671875000e+02
2.886406860351562500e+02 2.899226379394531250e+02 2.901580200195312500e+02 2.912188110351562500e+02
2.925796813964843750e+02 2.934371032714843750e+02 2.923285217285156250e+02 2.942639160156250000e+02
2.960076599121093750e+02 2.950683593750000000e+02 2.944645996093750000e+02 2.941052551269531250e+02
2.930404663085937500e+02 2.928648376464843750e+02 2.917746887207031250e+02 2.916185607910156250e+02
2.931669006347656250e+02 2.930492248535156250e+02 2.915683593750000000e+02 2.921369018554687500e+02
2.964043884277343750e+02 2.958583679199218750e+02 2.965093994140625000e+02 2.969445190429687500e+02
2.922322387695312500e+02 2.922236328125000000e+02 2.928554077148437500e+02 2.925170288085937500e+02
2.972938537597656250e+02 2.976136169433593750e+02 2.970434570312500000e+02 2.971255798339843750e+02
2.954141235351562500e+02 2.944945068359375000e+02 2.962969360351562500e+02 2.938409118652343750e+02
2.948706054687500000e+02 2.940676574707031250e+02 2.944473876953125000e+02 2.939035644531250000e+02
2.964201660156250000e+02 2.961943359375000000e+02 2.948443603515625000e+02 2.943225708007812500e+02
2.954864196777343750e+02 2.945968017578125000e+02 2.926065063476562500e+02 2.931407775878906250e+02
2.981381225585937500e+02 2.955875244140625000e+02 2.982677612304687500e+02 2.961542663574218750e+02
2.962869262695312500e+02 2.958491516113281250e+02 2.965557861328125000e+02 2.963179626464843750e+02
2.997250671386718750e+02 2.983326721191406250e+02 2.992184448242187500e+02 2.991011047363281250e+02
2.972144165039062500e+02 2.966678466796875000e+02 2.957959594726562500e+02 2.953559875488281250e+02
3.019519653320312500e+02 3.010447692871093750e+02 2.994617004394531250e+02 2.987304992675781250e+02
3.010723266601562500e+02 3.005362243652343750e+02 2.992893371582031250e+02 2.997089843750000000e+02
3.001499633789062500e+02 3.000935974121093750e+02 2.985352783203125000e+02 2.990178222656250000e+02
2.948189697265625000e+02 2.950384826660156250e+02 2.934498596191406250e+02 2.941692504882812500e+02
2.951533203125000000e+02 2.961925964355468750e+02 2.951804809570312500e+02 2.964219665527343750e+02
2.982617492675781250e+02 2.979230957031250000e+02 2.978210449218750000e+02 2.979341735839843750e+02
3.053960876464843750e+02 3.051309814453125000e+02 3.041252136230468750e+02 3.036430969238281250e+02
3.083520202636718750e+02 3.077124633789062500e+02 3.072863769531250000e+02 3.061796264648437500e+02
3.050917358398437500e+02 3.030759277343750000e+02 3.019860534667968750e+02 3.006173400878906250e+02
3.057410583496093750e+02 3.041358032226562500e+02 3.041291198730468750e+02 3.027980041503906250e+02
2.962344360351562500e+02 2.950721130371093750e+02 2.960773925781250000e+02 2.951625976562500000e+02
3.006654357910156250e+02 2.998772583007812500e+02 3.009325866699218750e+02 3.010415954589843750e+02
2.964389648437500000e+02 2.954003601074218750e+02 2.966781616210937500e+02 2.958292846679687500e+02
3.001425170898437500e+02 3.007206420898437500e+02 2.993117065429687500e+02 3.001203918457031250e+02
2.995092773437500000e+02 3.004156188964843750e+02 3.000754699707031250e+02 3.006725463867187500e+02
2.949133605957031250e+02 2.953533935546875000e+02 2.957386474609375000e+02 2.958911132812500000e+02
2.944263610839843750e+02 2.926859130859375000e+02 2.944891662597656250e+02 2.942349548339843750e+02
2.963885803222656250e+02 2.957850646972656250e+02 2.962340087890625000e+02 2.961012878417968750e+02
2.979050292968750000e+02 2.973624267578125000e+02 2.956973571777343750e+02 2.952811584472656250e+02
3.019468688964843750e+02 3.009951477050781250e+02 2.998021545410156250e+02 2.993832092285156250e+02
3.003120117187500000e+02 2.993237915039062500e+02 2.981728210449218750e+02 2.979794006347656250e+02
2.998704223632812500e+02 2.995632629394531250e+02 2.982328186035156250e+02 2.981597595214843750e+02
3.029650878906250000e+02 3.020783386230468750e+02 3.012155151367187500e+02 3.016083984375000000e+02
2.996804199218750000e+02 2.995423889160156250e+02 2.982161560058593750e+02 2.985475463867187500e+02
3.022489318847656250e+02 3.022868652343750000e+02 3.022882080078125000e+02 3.034165039062500000e+02
2.976227722167968750e+02 2.984345703125000000e+02 2.979564819335937500e+02 2.997072753906250000e+02
2.926291198730468750e+02 2.931863708496093750e+02 2.921123962402343750e+02 2.930650939941406250e+02
2.965871582031250000e+02 2.971301269531250000e+02 2.965184936523437500e+02 2.975338745117187500e+02
2.988400878906250000e+02 2.984986572265625000e+02 2.986964416503906250e+02 2.988289489746093750e+02
3.037900390625000000e+02 3.029180908203125000e+02 3.029192199707031250e+02 3.025455017089843750e+02
3.053589172363281250e+02 3.041833190917968750e+02 3.032878417968750000e+02 3.025167846679687500e+02
3.031723632812500000e+02 3.021605224609375000e+02 3.002974243164062500e+02 2.998043518066406250e+02
3.003513183593750000e+02 2.996468505859375000e+02 2.987738952636718750e+02 2.986047058105468750e+02
3.035556640625000000e+02 3.023539123535156250e+02 3.024821472167968750e+02 3.022074890136718750e+02
3.082675476074218750e+02 3.072874145507812500e+02 3.081295166015625000e+02 3.082049865722656250e+02
3.073089904785156250e+02 3.055147705078125000e+02 3.065315551757812500e+02 3.061092529296875000e+02
2.995451660156250000e+02 2.986423645019531250e+02 2.989138488769531250e+02 2.990245971679687500e+02
3.034108581542968750e+02 3.019523925781250000e+02 3.022905578613281250e+02 3.023976135253906250e+02
3.012551879882812500e+02 3.006181030273437500e+02 3.029446411132812500e+02 3.034390258789062500e+02
2.992725830078125000e+02 2.980802917480468750e+02 3.000268249511718750e+02 2.982179260253906250e+02
3.017108764648437500e+02 3.012926940917968750e+02 3.021181030273437500e+02 3.019201354980468750e+02
3.041154785156250000e+02 3.040263366699218750e+02 3.033513793945312500e+02 3.031772766113281250e+02
3.059061279296875000e+02 3.048653259277343750e+02 3.044384460449218750e+02 3.044960632324218750e+02
3.048802185058593750e+02 3.048491516113281250e+02 3.039488220214843750e+02 3.034617919921875000e+02
3.070497131347656250e+02 3.056336059570312500e+02 3.069274291992187500e+02 3.064989013671875000e+02
3.035970764160156250e+02 3.029180908203125000e+02 3.012677001953125000e+02 3.021886901855468750e+02
3.057340393066406250e+02 3.052755737304687500e+02 3.046600341796875000e+02 3.044751281738281250e+02
3.044634399414062500e+02 3.038639221191406250e+02 3.025785827636718750e+02 3.026161499023437500e+02
3.032611999511718750e+02 3.029574279785156250e+02 3.031085510253906250e+02 3.035942687988281250e+02
3.010285034179687500e+02 3.003323974609375000e+02 3.009950561523437500e+02 3.013256530761718750e+02
3.060488281250000000e+02 3.051723632812500000e+02 3.054416809082031250e+02 3.055216674804687500e+02
3.043264160156250000e+02 3.034761047363281250e+02 3.036993103027343750e+02 3.041762695312500000e+02
3.043570861816406250e+02 3.033897399902343750e+02 3.026348876953125000e+02 3.021984558105468750e+02
3.092819519042968750e+02 3.084175109863281250e+02 3.076646118164062500e+02 3.072900085449218750e+02
3.061046447753906250e+02 3.048592224121093750e+02 3.053282165527343750e+02 3.049301147460937500e+02
3.030185241699218750e+02 3.020407104492187500e+02 3.017001647949218750e+02 3.018706970214843750e+02
2.994914550781250000e+02 2.992395324707031250e+02 2.991115722656250000e+02 2.992607421875000000e+02
3.063701782226562500e+02 3.051047668457031250e+02 3.048801879882812500e+02 3.047420043945312500e+02
3.023970336914062500e+02 3.014706726074218750e+02 3.035722961425781250e+02 3.027901916503906250e+02
3.004335937500000000e+02 2.994251403808593750e+02 2.997824401855468750e+02 2.996660461425781250e+02
3.044325866699218750e+02 3.038873901367187500e+02 3.040319213867187500e+02 3.042698059082031250e+02
3.002444763183593750e+02 2.997831420898437500e+02 3.002409667968750000e+02 3.010220947265625000e+02
3.019796447753906250e+02 3.016353149414062500e+02 3.012977294921875000e+02 3.006384887695312500e+02
2.978645629882812500e+02 2.988144226074218750e+02 2.979273071289062500e+02 2.990075073242187500e+02
2.913417663574218750e+02 2.914180297851562500e+02 2.913805236816406250e+02 2.913490600585937500e+02
2.948935852050781250e+02 2.945731811523437500e+02 2.947254943847656250e+02 2.946497192382812500e+02
3.008721008300781250e+02 3.004695434570312500e+02 2.999514770507812500e+02 2.996685791015625000e+02
2.958832397460937500e+02 2.962907714843750000e+02 2.959869079589843750e+02 2.963242492675781250e+02
2.967940368652343750e+02 2.960993041992187500e+02 2.965880432128906250e+02 2.966820373535156250e+02
2.957088012695312500e+02 2.952611389160156250e+02 2.960108337402343750e+02 2.955773925781250000e+02
2.944823608398437500e+02 2.949908447265625000e+02 2.939768066406250000e+02 2.951500244140625000e+02
2.935659179687500000e+02 2.935029296875000000e+02 2.943084411621093750e+02 2.945518798828125000e+02
2.960931396484375000e+02 2.943955688476562500e+02 2.959431152343750000e+02 2.947675476074218750e+02
2.976323242187500000e+02 2.973486633300781250e+02 2.965494384765625000e+02 2.971917114257812500e+02
2.998812255859375000e+02 2.984762573242187500e+02 2.994878845214843750e+02 2.990320739746093750e+02
2.998060913085937500e+02 2.989291381835937500e+02 2.982866821289062500e+02 2.979201965332031250e+02
3.012119750976562500e+02 3.006819458007812500e+02 3.000446166992187500e+02 2.998922729492187500e+02
3.017658996582031250e+02 3.011549072265625000e+02 3.011787414550781250e+02 3.015951538085937500e+02
3.014365539550781250e+02 2.995606384277343750e+02 3.012081604003906250e+02 3.003842468261718750e+02
3.045966186523437500e+02 3.038543701171875000e+02 3.031410827636718750e+02 3.023622436523437500e+02
2.989551696777343750e+02 2.984965515136718750e+02 2.996256713867187500e+02 2.988133239746093750e+02
3.004002075195312500e+02 3.005465087890625000e+02 3.004037170410156250e+02 3.005701293945312500e+02
3.041947021484375000e+02 3.030720825195312500e+02 3.026514282226562500e+02 3.020765075683593750e+02
2.999763793945312500e+02 2.985049133300781250e+02 3.006180725097656250e+02 2.995144042968750000e+02
3.014226379394531250e+02 3.005783386230468750e+02 3.000405273437500000e+02 2.996634216308593750e+02
3.023548889160156250e+02 3.019972839355468750e+02 3.010095520019531250e+02 3.011260375976562500e+02
3.024173583984375000e+02 3.019183959960937500e+02 3.018663635253906250e+02 3.009447937011718750e+02
3.007673339843750000e+02 2.984636535644531250e+02 3.017669372558593750e+02 2.994955139160156250e+02
3.013095092773437500e+02 3.004350891113281250e+02 3.001643981933593750e+02 2.994680480957031250e+02
2.968694763183593750e+02 2.971728210449218750e+02 2.971929321289062500e+02 2.975544433593750000e+02
3.020155944824218750e+02 3.012176818847656250e+02 3.027561645507812500e+02 3.027031860351562500e+02
2.954919128417968750e+02 2.951728210449218750e+02 2.965138854980468750e+02 2.969888305664062500e+02
2.939360961914062500e+02 2.927320251464843750e+02 2.943335876464843750e+02 2.929028930664062500e+02
2.976074829101562500e+02 2.972258911132812500e+02 2.963938903808593750e+02 2.962940979003906250e+02
2.957333374023437500e+02 2.956842041015625000e+02 2.967932434082031250e+02 2.967299194335937500e+02
2.965004882812500000e+02 2.955393676757812500e+02 2.958007202148437500e+02 2.948051147460937500e+02
3.000873718261718750e+02 2.990848083496093750e+02 2.981067810058593750e+02 2.975045471191406250e+02
3.004699401855468750e+02 3.002415466308593750e+02 2.995933532714843750e+02 2.993613281250000000e+02
2.966554870605468750e+02 2.968858337402343750e+02 2.968114318847656250e+02 2.966837463378906250e+02
2.965408935546875000e+02 2.964731140136718750e+02 2.973669738769531250e+02 2.971109924316406250e+02
3.004152221679687500e+02 3.000906372070312500e+02 2.999107055664062500e+02 2.993756103515625000e+02
3.008042297363281250e+02 3.002689208984375000e+02 3.000960083007812500e+02 2.994912414550781250e+02
2.933307495117187500e+02 2.931410522460937500e+02 2.955345764160156250e+02 2.954028015136718750e+02
2.909265441894531250e+02 2.910216064453125000e+02 2.896889343261718750e+02 2.893334045410156250e+02
2.947783813476562500e+02 2.951384277343750000e+02 2.944870910644531250e+02 2.949080810546875000e+02
2.922924194335937500e+02 2.928558654785156250e+02 2.930504760742187500e+02 2.932515563964843750e+02
2.894047851562500000e+02 2.885819091796875000e+02 2.898589172363281250e+02 2.893946533203125000e+02
2.925099487304687500e+02 2.916481323242187500e+02 2.928466796875000000e+02 2.922217712402343750e+02
2.924227294921875000e+02 2.916998596191406250e+02 2.926805114746093750e+02 2.922648315429687500e+02
2.998450927734375000e+02 2.998577270507812500e+02 3.001865539550781250e+02 3.001887512207031250e+02
2.955994567871093750e+02 2.940996704101562500e+02 2.956231994628906250e+02 2.940950927734375000e+02
2.976912536621093750e+02 2.976388244628906250e+02 2.973370971679687500e+02 2.975714721679687500e+02
2.943664245605468750e+02 2.933475646972656250e+02 2.951437072753906250e+02 2.950177001953125000e+02
2.906052246093750000e+02 2.896207885742187500e+02 2.913012390136718750e+02 2.900062561035156250e+02
2.882080078125000000e+02 2.885789489746093750e+02 2.892751770019531250e+02 2.896481933593750000e+02
2.966427917480468750e+02 2.955769653320312500e+02 2.957722778320312500e+02 2.949214477539062500e+02
2.941918029785156250e+02 2.932406005859375000e+02 2.945614013671875000e+02 2.935965270996093750e+02
2.977804870605468750e+02 2.967250671386718750e+02 2.975486755371093750e+02 2.966789245605468750e+02
2.971148376464843750e+02 2.959253234863281250e+02 2.971748657226562500e+02 2.966269531250000000e+02
2.943381347656250000e+02 2.944457397460937500e+02 2.952499084472656250e+02 2.958211975097656250e+02
2.913699645996093750e+02 2.915952758789062500e+02 2.910599060058593750e+02 2.915560302734375000e+02
2.863989257812500000e+02 2.867269287109375000e+02 2.865493774414062500e+02 2.869603881835937500e+02
2.906390075683593750e+02 2.919656372070312500e+02 2.916312255859375000e+02 2.927887268066406250e+02
2.848935546875000000e+02 2.873065185546875000e+02 2.867456359863281250e+02 2.892574768066406250e+02
2.829601745605468750e+02 2.834977722167968750e+02 2.827230224609375000e+02 2.836006164550781250e+02
2.860148315429687500e+02 2.869294433593750000e+02 2.865809020996093750e+02 2.878017883300781250e+02
2.870504455566406250e+02 2.878941040039062500e+02 2.874545593261718750e+02 2.895047607421875000e+02
2.851088562011718750e+02 2.851879882812500000e+02 2.856957397460937500e+02 2.860353698730468750e+02
2.855607604980468750e+02 2.863516235351562500e+02 2.860598754882812500e+02 2.863905334472656250e+02
2.859085998535156250e+02 2.853848266601562500e+02 2.872657165527343750e+02 2.860677490234375000e+02
2.906158142089843750e+02 2.899272460937500000e+02 2.898548889160156250e+02 2.893132324218750000e+02
2.921644287109375000e+02 2.906749572753906250e+02 2.925245056152343750e+02 2.910046386718750000e+02
2.891875305175781250e+02 2.885464172363281250e+02 2.902638244628906250e+02 2.896457214355468750e+02
2.952214965820312500e+02 2.946890563964843750e+02 2.946838684082031250e+02 2.941893920898437500e+02
2.985281677246093750e+02 2.971642456054687500e+02 2.972344360351562500e+02 2.966824951171875000e+02
3.031220703125000000e+02 3.018524169921875000e+02 3.024298400878906250e+02 3.001712951660156250e+02
2.997903137207031250e+02 2.980228576660156250e+02 2.986199035644531250e+02 2.973949890136718750e+02
2.922431030273437500e+02 2.925021362304687500e+02 2.914653930664062500e+02 2.923169860839843750e+02
2.858691406250000000e+02 2.864079284667968750e+02 2.863196105957031250e+02 2.869337158203125000e+02
2.832881774902343750e+02 2.836534729003906250e+02 2.837088012695312500e+02 2.840052185058593750e+02
2.799377441406250000e+02 2.809577941894531250e+02 2.803075561523437500e+02 2.817174987792968750e+02
2.819862670898437500e+02 2.840406188964843750e+02 2.840121154785156250e+02 2.855836181640625000e+02
2.858825378417968750e+02 2.861468200683593750e+02 2.868320312500000000e+02 2.871158447265625000e+02
2.851466979980468750e+02 2.844588317871093750e+02 2.858967895507812500e+02 2.847767028808593750e+02
2.849722595214843750e+02 2.841548767089843750e+02 2.853159790039062500e+02 2.844529418945312500e+02
2.890859069824218750e+02 2.890115661621093750e+02 2.881080017089843750e+02 2.880366821289062500e+02
2.950838623046875000e+02 2.944652099609375000e+02 2.946176452636718750e+02 2.944685058593750000e+02
2.903547668457031250e+02 2.904135742187500000e+02 2.902186279296875000e+02 2.904465332031250000e+02
2.865916137695312500e+02 2.866298217773437500e+02 2.864958801269531250e+02 2.863506469726562500e+02
2.841403198242187500e+02 2.834656066894531250e+02 2.842183532714843750e+02 2.838851013183593750e+02
2.863533325195312500e+02 2.865594787597656250e+02 2.861413269042968750e+02 2.866212158203125000e+02
2.874342956542968750e+02 2.876202087402343750e+02 2.874243469238281250e+02 2.876224670410156250e+02
2.842609252929687500e+02 2.848542785644531250e+02 2.845633544921875000e+02 2.857370300292968750e+02
2.872392578125000000e+02 2.877285461425781250e+02 2.873937377929687500e+02 2.873730468750000000e+02
2.910645446777343750e+02 2.913971252441406250e+02 2.909386291503906250e+02 2.919675598144531250e+02
2.900846862792968750e+02 2.903222961425781250e+02 2.900298461914062500e+02 2.904660339355468750e+02
2.804939575195312500e+02 2.812799987792968750e+02 2.810668029785156250e+02 2.822737121582031250e+02
2.810467224121093750e+02 2.816985778808593750e+02 2.809872436523437500e+02 2.812385864257812500e+02
2.803114318847656250e+02 2.811274414062500000e+02 2.802940979003906250e+02 2.817030029296875000e+02
2.814171447753906250e+02 2.817002868652343750e+02 2.813060913085937500e+02 2.812985839843750000e+02
2.789664306640625000e+02 2.796100769042968750e+02 2.795554199218750000e+02 2.808661804199218750e+02
2.848166809082031250e+02 2.858008728027343750e+02 2.851894531250000000e+02 2.859562377929687500e+02
2.845228576660156250e+02 2.838931579589843750e+02 2.854847717285156250e+02 2.848283386230468750e+02
2.830563049316406250e+02 2.822966308593750000e+02 2.836347961425781250e+02 2.827239379882812500e+02
2.895447082519531250e+02 2.895502929687500000e+02 2.900920410156250000e+02 2.891990356445312500e+02
2.857613220214843750e+02 2.849285583496093750e+02 2.861354064941406250e+02 2.856724243164062500e+02
2.865586547851562500e+02 2.865373840332031250e+02 2.865412597656250000e+02 2.859475097656250000e+02
2.937680969238281250e+02 2.927879028320312500e+02 2.930835876464843750e+02 2.919856872558593750e+02
2.944977416992187500e+02 2.934050292968750000e+02 2.939176940917968750e+02 2.928032836914062500e+02
2.942842407226562500e+02 2.931726379394531250e+02 2.943171081542968750e+02 2.931014709472656250e+02
2.912528991699218750e+02 2.909898071289062500e+02 2.907375793457031250e+02 2.912474975585937500e+02
2.923412475585937500e+02 2.923558044433593750e+02 2.921802062988281250e+02 2.925453491210937500e+02
2.913354187011718750e+02 2.915732421875000000e+02 2.909660034179687500e+02 2.913603820800781250e+02
2.858124389648437500e+02 2.872221374511718750e+02 2.871208496093750000e+02 2.882130126953125000e+02
2.779528198242187500e+02 2.783215637207031250e+02 2.777844543457031250e+02 2.781901550292968750e+02
2.786994628906250000e+02 2.793198547363281250e+02 2.796734619140625000e+02 2.801937561035156250e+02
2.765967407226562500e+02 2.766112060546875000e+02 2.775410461425781250e+02 2.773181457519531250e+02
2.798159179687500000e+02 2.803181152343750000e+02 2.796931762695312500e+02 2.799544067382812500e+02
2.796640930175781250e+02 2.800071105957031250e+02 2.798185424804687500e+02 2.796703491210937500e+02
2.806906433105468750e+02 2.818338012695312500e+02 2.822408142089843750e+02 2.835023498535156250e+02
2.864358825683593750e+02 2.860135192871093750e+02 2.859757690429687500e+02 2.853445434570312500e+02
2.843182373046875000e+02 2.846741333007812500e+02 2.846696166992187500e+02 2.864151916503906250e+02
2.823556518554687500e+02 2.828107910156250000e+02 2.826970825195312500e+02 2.832934570312500000e+02
2.744696044921875000e+02 2.759170227050781250e+02 2.748955688476562500e+02 2.767061157226562500e+02
2.789857482910156250e+02 2.789016113281250000e+02 2.801106262207031250e+02 2.796619262695312500e+02
2.892646789550781250e+02 2.895746459960937500e+02 2.891852416992187500e+02 2.891828308105468750e+02
2.916470947265625000e+02 2.905923461914062500e+02 2.904648742675781250e+02 2.895699462890625000e+02
2.882309570312500000e+02 2.885931396484375000e+02 2.876763305664062500e+02 2.885069580078125000e+02
2.733282470703125000e+02 2.751632995605468750e+02 2.744897460937500000e+02 2.763493347167968750e+02
2.744799499511718750e+02 2.752766418457031250e+02 2.758092956542968750e+02 2.761924438476562500e+02
2.834596862792968750e+02 2.852453613281250000e+02 2.854494323730468750e+02 2.863859558105468750e+02
2.843081359863281250e+02 2.868217163085937500e+02 2.861228027343750000e+02 2.880316772460937500e+02
2.711972351074218750e+02 2.720547485351562500e+02 2.723946533203125000e+02 2.728341979980468750e+02
2.672251586914062500e+02 2.691444702148437500e+02 2.681188964843750000e+02 2.697839660644531250e+02
2.718205871582031250e+02 2.736030883789062500e+02 2.733644104003906250e+02 2.747847595214843750e+02
2.758572998046875000e+02 2.763192138671875000e+02 2.767367858886718750e+02 2.776235961914062500e+02
2.786863403320312500e+02 2.786053771972656250e+02 2.789219665527343750e+02 2.784673767089843750e+02
2.813629455566406250e+02 2.815638732910156250e+02 2.829668579101562500e+02 2.821880798339843750e+02
2.834320068359375000e+02 2.835197448730468750e+02 2.827482604980468750e+02 2.833318786621093750e+02
2.881802978515625000e+02 2.880317993164062500e+02 2.877253112792968750e+02 2.888192749023437500e+02
2.816282348632812500e+02 2.822424316406250000e+02 2.818240356445312500e+02 2.824973754882812500e+02
2.792286987304687500e+02 2.796706237792968750e+02 2.801047363281250000e+02 2.800545349121093750e+02
2.765920410156250000e+02 2.768875122070312500e+02 2.773353576660156250e+02 2.774716186523437500e+02
2.821640625000000000e+02 2.824698181152343750e+02 2.824265136718750000e+02 2.825393066406250000e+02
2.790615844726562500e+02 2.786541748046875000e+02 2.802359619140625000e+02 2.796476135253906250e+02
2.771744995117187500e+02 2.767770996093750000e+02 2.774852905273437500e+02 2.767393798828125000e+02
2.769179687500000000e+02 2.762482299804687500e+02 2.775749206542968750e+02 2.770218200683593750e+02
2.760399169921875000e+02 2.766189575195312500e+02 2.765206298828125000e+02 2.774553833007812500e+02
2.738972167968750000e+02 2.750624084472656250e+02 2.742232360839843750e+02 2.761343078613281250e+02
2.710422058105468750e+02 2.708853149414062500e+02 2.709550476074218750e+02 2.707940673828125000e+02
2.703440856933593750e+02 2.720408935546875000e+02 2.713124084472656250e+02 2.725196533203125000e+02
2.699625244140625000e+02 2.703172302246093750e+02 2.697071838378906250e+02 2.713276672363281250e+02
2.820575561523437500e+02 2.833132934570312500e+02 2.821106567382812500e+02 2.838220214843750000e+02
2.775700988769531250e+02 2.788908081054687500e+02 2.785459289550781250e+02 2.803880004882812500e+02
2.728462219238281250e+02 2.730243225097656250e+02 2.733917236328125000e+02 2.734435119628906250e+02
2.728563842773437500e+02 2.722739562988281250e+02 2.729298400878906250e+02 2.724829101562500000e+02
2.873062133789062500e+02 2.877981567382812500e+02 2.877759704589843750e+02 2.883067016601562500e+02
2.877207946777343750e+02 2.873923339843750000e+02 2.870643310546875000e+02 2.874803161621093750e+02
2.722497863769531250e+02 2.716553344726562500e+02 2.726477050781250000e+02 2.717822570800781250e+02
2.805480346679687500e+02 2.810769653320312500e+02 2.812579040527343750e+02 2.811780395507812500e+02
2.812454528808593750e+02 2.808295288085937500e+02 2.813841247558593750e+02 2.818340454101562500e+02
2.797157592773437500e+02 2.795946655273437500e+02 2.803194274902343750e+02 2.801182250976562500e+02
2.734146118164062500e+02 2.742772521972656250e+02 2.741767883300781250e+02 2.754186706542968750e+02
2.789628906250000000e+02 2.783838195800781250e+02 2.798002624511718750e+02 2.785716857910156250e+02
2.800410766601562500e+02 2.798512878417968750e+02 2.801126098632812500e+02 2.801585693359375000e+02
2.769236145019531250e+02 2.774424743652343750e+02 2.773706665039062500e+02 2.783190612792968750e+02
2.740934753417968750e+02 2.744156799316406250e+02 2.753243103027343750e+02 2.756384887695312500e+02
2.750742492675781250e+02 2.755775451660156250e+02 2.756651000976562500e+02 2.763087463378906250e+02
2.748630371093750000e+02 2.765311584472656250e+02 2.769414672851562500e+02 2.779321289062500000e+02
2.748040771484375000e+02 2.757769165039062500e+02 2.756215820312500000e+02 2.762504272460937500e+02
2.714566345214843750e+02 2.720416259765625000e+02 2.722123718261718750e+02 2.727253723144531250e+02
2.737844848632812500e+02 2.739699707031250000e+02 2.746596984863281250e+02 2.746962280273437500e+02
2.757611083984375000e+02 2.759279479980468750e+02 2.763872680664062500e+02 2.763916625976562500e+02
2.747743225097656250e+02 2.749566345214843750e+02 2.754856567382812500e+02 2.756994018554687500e+02
2.732470397949218750e+02 2.734008789062500000e+02 2.736402587890625000e+02 2.736319580078125000e+02
2.709352416992187500e+02 2.720116577148437500e+02 2.715064697265625000e+02 2.727520141601562500e+02
2.665708007812500000e+02 2.666627197265625000e+02 2.672963562011718750e+02 2.672048339843750000e+02
2.700952148437500000e+02 2.707387390136718750e+02 2.713270568847656250e+02 2.721607971191406250e+02
2.690464782714843750e+02 2.690494384765625000e+02 2.701226806640625000e+02 2.702341613769531250e+02
2.706607360839843750e+02 2.712548828125000000e+02 2.716217651367187500e+02 2.722592773437500000e+02
2.733097534179687500e+02 2.736393432617187500e+02 2.741215209960937500e+02 2.743902893066406250e+02
2.711524658203125000e+02 2.711392211914062500e+02 2.719443664550781250e+02 2.714187011718750000e+02
2.741003417968750000e+02 2.736424865722656250e+02 2.740909118652343750e+02 2.740287170410156250e+02
2.725405273437500000e+02 2.738755493164062500e+02 2.743531799316406250e+02 2.748161315917968750e+02
2.772613220214843750e+02 2.770322875976562500e+02 2.774308166503906250e+02 2.768536987304687500e+02
2.748517456054687500e+02 2.742220458984375000e+02 2.750287475585937500e+02 2.746955566406250000e+02
2.741724853515625000e+02 2.733336486816406250e+02 2.743658142089843750e+02 2.749290466308593750e+02
2.752831726074218750e+02 2.752363891601562500e+02 2.746605834960937500e+02 2.740153503417968750e+02
2.761202392578125000e+02 2.762481689453125000e+02 2.759171752929687500e+02 2.760857849121093750e+02
2.768260192871093750e+02 2.771858215332031250e+02 2.770110473632812500e+02 2.773140563964843750e+02
2.791260681152343750e+02 2.794007873535156250e+02 2.791497497558593750e+02 2.794593811035156250e+02
2.758794860839843750e+02 2.759674377441406250e+02 2.761629638671875000e+02 2.762518310546875000e+02
2.739334106445312500e+02 2.764425964355468750e+02 2.762892456054687500e+02 2.771990356445312500e+02
2.700679016113281250e+02 2.716449890136718750e+02 2.720007934570312500e+02 2.755458374023437500e+02
2.741850585937500000e+02 2.747586059570312500e+02 2.735828247070312500e+02 2.742935485839843750e+02
2.817449035644531250e+02 2.819059143066406250e+02 2.806496276855468750e+02 2.811640014648437500e+02
2.811682128906250000e+02 2.807625122070312500e+02 2.821613464355468750e+02 2.819320678710937500e+02
2.842409973144531250e+02 2.836226806640625000e+02 2.840932617187500000e+02 2.842305908203125000e+02
2.790701599121093750e+02 2.801756896972656250e+02 2.797001647949218750e+02 2.813780212402343750e+02
2.800580749511718750e+02 2.799837951660156250e+02 2.798359375000000000e+02 2.805413513183593750e+02
2.793417663574218750e+02 2.789497375488281250e+02 2.790477905273437500e+02 2.777053833007812500e+02
2.790188903808593750e+02 2.780990600585937500e+02 2.790793151855468750e+02 2.776595458984375000e+02
2.737723999023437500e+02 2.741184082031250000e+02 2.736675720214843750e+02 2.743978271484375000e+02
2.718328247070312500e+02 2.730070190429687500e+02 2.721076354980468750e+02 2.729090881347656250e+02
2.721528015136718750e+02 2.727021179199218750e+02 2.730801086425781250e+02 2.733078918457031250e+02
2.697741699218750000e+02 2.710571594238281250e+02 2.706698608398437500e+02 2.715929260253906250e+02
2.706092224121093750e+02 2.721627502441406250e+02 2.718333740234375000e+02 2.736796875000000000e+02
2.710091857910156250e+02 2.703348083496093750e+02 2.715644226074218750e+02 2.708679809570312500e+02
2.775989074707031250e+02 2.766343078613281250e+02 2.774915161132812500e+02 2.751376342773437500e+02
2.837532653808593750e+02 2.840391845703125000e+02 2.827050170898437500e+02 2.827737121582031250e+02
2.809270935058593750e+02 2.812765502929687500e+02 2.806349487304687500e+02 2.810952148437500000e+02
2.793229675292968750e+02 2.795408935546875000e+02 2.798253784179687500e+02 2.805669860839843750e+02
2.845796813964843750e+02 2.842210693359375000e+02 2.831895751953125000e+02 2.831206359863281250e+02
2.812829284667968750e+02 2.826208496093750000e+02 2.817611083984375000e+02 2.826086730957031250e+02
2.815856018066406250e+02 2.815650329589843750e+02 2.819739074707031250e+02 2.825747680664062500e+02
2.824087829589843750e+02 2.824160766601562500e+02 2.811880187988281250e+02 2.824202270507812500e+02
2.795906677246093750e+02 2.802945251464843750e+02 2.801358947753906250e+02 2.810260314941406250e+02
2.732854003906250000e+02 2.738520202636718750e+02 2.740989379882812500e+02 2.749308166503906250e+02
2.740891113281250000e+02 2.737977294921875000e+02 2.749780578613281250e+02 2.752227172851562500e+02
2.786857910156250000e+02 2.807979736328125000e+02 2.796853332519531250e+02 2.820385742187500000e+02
2.759473571777343750e+02 2.761706237792968750e+02 2.765729064941406250e+02 2.767976379394531250e+02
2.806283874511718750e+02 2.818193054199218750e+02 2.809886474609375000e+02 2.830085754394531250e+02
2.883179016113281250e+02 2.879124450683593750e+02 2.878882751464843750e+02 2.886987915039062500e+02
2.846618652343750000e+02 2.843403015136718750e+02 2.847256469726562500e+02 2.851204528808593750e+02
2.836848449707031250e+02 2.837194213867187500e+02 2.845596618652343750e+02 2.849052429199218750e+02
2.892369995117187500e+02 2.882103881835937500e+02 2.872276916503906250e+02 2.871814880371093750e+02
2.816707458496093750e+02 2.814189147949218750e+02 2.817346191406250000e+02 2.816819458007812500e+02
2.800133666992187500e+02 2.799105834960937500e+02 2.813340454101562500e+02 2.810295715332031250e+02
2.863420410156250000e+02 2.846370849609375000e+02 2.857253723144531250e+02 2.842689208984375000e+02
2.862043151855468750e+02 2.837773742675781250e+02 2.855397949218750000e+02 2.834888305664062500e+02
2.795638732910156250e+02 2.787034301757812500e+02 2.789966125488281250e+02 2.788541870117187500e+02
2.830408325195312500e+02 2.820622558593750000e+02 2.829292907714843750e+02 2.818437500000000000e+02
2.807259216308593750e+02 2.790007629394531250e+02 2.803386840820312500e+02 2.793164367675781250e+02
2.859569091796875000e+02 2.848673706054687500e+02 2.846362915039062500e+02 2.839678039550781250e+02
2.855912780761718750e+02 2.848809509277343750e+02 2.848937683105468750e+02 2.842869262695312500e+02
2.807620849609375000e+02 2.794568786621093750e+02 2.804582214355468750e+02 2.798568115234375000e+02
2.792166442871093750e+02 2.790553283691406250e+02 2.794794006347656250e+02 2.794091491699218750e+02
2.848943481445312500e+02 2.829102172851562500e+02 2.850103454589843750e+02 2.829369201660156250e+02
2.854064331054687500e+02 2.860872802734375000e+02 2.831661987304687500e+02 2.832646179199218750e+02
2.877487182617187500e+02 2.867135925292968750e+02 2.885222167968750000e+02 2.873308410644531250e+02
2.842318725585937500e+02 2.848739318847656250e+02 2.843084716796875000e+02 2.858385009765625000e+02
2.833778991699218750e+02 2.841947021484375000e+02 2.840373229980468750e+02 2.846206970214843750e+02
2.893880004882812500e+02 2.883367614746093750e+02 2.897539062500000000e+02 2.885154418945312500e+02
2.868544616699218750e+02 2.852551574707031250e+02 2.851482849121093750e+02 2.843316040039062500e+02
2.861032409667968750e+02 2.853702087402343750e+02 2.850311584472656250e+02 2.845718994140625000e+02
2.882433471679687500e+02 2.869961853027343750e+02 2.866913757324218750e+02 2.859922180175781250e+02
2.859953308105468750e+02 2.855558166503906250e+02 2.852778320312500000e+02 2.860449829101562500e+02
2.907760620117187500e+02 2.909720458984375000e+02 2.906760559082031250e+02 2.900318298339843750e+02
2.910955200195312500e+02 2.900475769042968750e+02 2.886644592285156250e+02 2.883307189941406250e+02
2.913888244628906250e+02 2.914181213378906250e+02 2.920340881347656250e+02 2.927882995605468750e+02
2.872193908691406250e+02 2.881911010742187500e+02 2.878396301269531250e+02 2.893160705566406250e+02
2.931887817382812500e+02 2.914200439453125000e+02 2.907608032226562500e+02 2.896801147460937500e+02
2.872332458496093750e+02 2.864519653320312500e+02 2.853140563964843750e+02 2.852555847167968750e+02
2.866930236816406250e+02 2.864280395507812500e+02 2.869303283691406250e+02 2.868876647949218750e+02
2.882057189941406250e+02 2.884355468750000000e+02 2.885131530761718750e+02 2.885831298828125000e+02
2.906113586425781250e+02 2.895608520507812500e+02 2.904419860839843750e+02 2.898359375000000000e+02
2.962102661132812500e+02 2.953804931640625000e+02 2.942279357910156250e+02 2.931883544921875000e+02
2.943395080566406250e+02 2.931200866699218750e+02 2.942785949707031250e+02 2.932687683105468750e+02
2.887028503417968750e+02 2.897105712890625000e+02 2.895717468261718750e+02 2.911358032226562500e+02
2.866295471191406250e+02 2.859492492675781250e+02 2.868619384765625000e+02 2.859311828613281250e+02
2.870985107421875000e+02 2.853846130371093750e+02 2.879438781738281250e+02 2.866320495605468750e+02
2.889357910156250000e+02 2.871326293945312500e+02 2.892573242187500000e+02 2.878852539062500000e+02
2.875083923339843750e+02 2.865889892578125000e+02 2.880658264160156250e+02 2.875014953613281250e+02
2.887524414062500000e+02 2.875227355957031250e+02 2.882850341796875000e+02 2.877546386718750000e+02
2.836619567871093750e+02 2.831486511230468750e+02 2.835766296386718750e+02 2.834845581054687500e+02
2.823455810546875000e+02 2.830925903320312500e+02 2.841666564941406250e+02 2.847776489257812500e+02
2.892829284667968750e+02 2.870643310546875000e+02 2.905811767578125000e+02 2.883655395507812500e+02
2.861734619140625000e+02 2.848577575683593750e+02 2.864033813476562500e+02 2.853496093750000000e+02
2.870102233886718750e+02 2.845333557128906250e+02 2.866741638183593750e+02 2.844941406250000000e+02
2.985982360839843750e+02 2.961850891113281250e+02 2.950585327148437500e+02 2.934440917968750000e+02
2.922496032714843750e+02 2.909393005371093750e+02 2.931163024902343750e+02 2.922666625976562500e+02
2.938046569824218750e+02 2.918343811035156250e+02 2.944409790039062500e+02 2.913658752441406250e+02
2.932941589355468750e+02 2.908459167480468750e+02 2.951127014160156250e+02 2.929552612304687500e+02
2.859254455566406250e+02 2.847993164062500000e+02 2.874974365234375000e+02 2.861535339355468750e+02
2.831475219726562500e+02 2.827383728027343750e+02 2.831937866210937500e+02 2.833735656738281250e+02
2.894971313476562500e+02 2.896708679199218750e+02 2.891999816894531250e+02 2.900931701660156250e+02
2.914178161621093750e+02 2.912874450683593750e+02 2.915365295410156250e+02 2.926259460449218750e+02
2.921981811523437500e+02 2.920308227539062500e+02 2.903292541503906250e+02 2.909208068847656250e+02
2.975612182617187500e+02 2.959216613769531250e+02 2.949101257324218750e+02 2.948145141601562500e+02
2.960605163574218750e+02 2.951501770019531250e+02 2.957532958984375000e+02 2.952048950195312500e+02
2.949562072753906250e+02 2.947560119628906250e+02 2.952341613769531250e+02 2.938531494140625000e+02
2.916843261718750000e+02 2.910986328125000000e+02 2.915132446289062500e+02 2.916872863769531250e+02
2.971670227050781250e+02 2.958000488281250000e+02 2.961779479980468750e+02 2.960747070312500000e+02
2.950573425292968750e+02 2.921156005859375000e+02 2.953430786132812500e+02 2.929739379882812500e+02
2.905758361816406250e+02 2.902134704589843750e+02 2.896671142578125000e+02 2.901692199707031250e+02
2.984552001953125000e+02 2.981471862792968750e+02 2.988444213867187500e+02 2.995311889648437500e+02
2.934714660644531250e+02 2.943087463378906250e+02 2.935942993164062500e+02 2.949865722656250000e+02
2.873417358398437500e+02 2.854692382812500000e+02 2.883847045898437500e+02 2.866381225585937500e+02
3.062273864746093750e+02 3.056616821289062500e+02 3.058062438964843750e+02 3.070270080566406250e+02
3.000191650390625000e+02 2.998930358886718750e+02 3.010024719238281250e+02 3.005441894531250000e+02
2.963786926269531250e+02 2.926450500488281250e+02 2.976031188964843750e+02 2.943117370605468750e+02
2.976065673828125000e+02 2.973064270019531250e+02 2.980001831054687500e+02 2.985006713867187500e+02
2.928245544433593750e+02 2.919117126464843750e+02 2.932413330078125000e+02 2.930101318359375000e+02
2.963436584472656250e+02 2.954625244140625000e+02 2.963060607910156250e+02 2.959836425781250000e+02
2.943781127929687500e+02 2.926806945800781250e+02 2.944978332519531250e+02 2.935339355468750000e+02
2.970332946777343750e+02 2.946224060058593750e+02 2.954563598632812500e+02 2.942794494628906250e+02
2.988442382812500000e+02 2.977675781250000000e+02 2.963598327636718750e+02 2.968469848632812500e+02
2.974614257812500000e+02 2.964783630371093750e+02 2.946696777343750000e+02 2.947636108398437500e+02
3.022561950683593750e+02 3.028966674804687500e+02 3.032654113769531250e+02 3.029040832519531250e+02
2.975156555175781250e+02 2.976009216308593750e+02 2.976386108398437500e+02 2.966906433105468750e+02
2.903012695312500000e+02 2.906491088867187500e+02 2.929615783691406250e+02 2.926631774902343750e+02
2.944383239746093750e+02 2.931677856445312500e+02 2.946210327148437500e+02 2.933165893554687500e+02
2.929002990722656250e+02 2.920624084472656250e+02 2.935121459960937500e+02 2.928889160156250000e+02
2.969439392089843750e+02 2.955225830078125000e+02 2.972237548828125000e+02 2.963841552734375000e+02
2.915684509277343750e+02 2.914705505371093750e+02 2.906115417480468750e+02 2.915703125000000000e+02
2.967095031738281250e+02 2.973534851074218750e+02 2.979356384277343750e+02 2.987941894531250000e+02
2.904967956542968750e+02 2.925166320800781250e+02 2.907193603515625000e+02 2.935517883300781250e+02
2.912448120117187500e+02 2.912860412597656250e+02 2.904097595214843750e+02 2.905807800292968750e+02
2.919494934082031250e+02 2.927567443847656250e+02 2.924581909179687500e+02 2.931383361816406250e+02
2.944787902832031250e+02 2.937532043457031250e+02 2.943342590332031250e+02 2.940815734863281250e+02
2.984331665039062500e+02 2.970384521484375000e+02 2.969313964843750000e+02 2.966585083007812500e+02
2.977170410156250000e+02 2.956719665527343750e+02 2.966946105957031250e+02 2.953907775878906250e+02
3.032817993164062500e+02 3.025484619140625000e+02 3.022704772949218750e+02 3.008592529296875000e+02
2.962280578613281250e+02 2.952511596679687500e+02 2.953518371582031250e+02 2.948424682617187500e+02
2.954354553222656250e+02 2.942388000488281250e+02 2.953558349609375000e+02 2.953091125488281250e+02
2.990636291503906250e+02 2.984881896972656250e+02 2.976680603027343750e+02 2.970740966796875000e+02
2.990683593750000000e+02 2.974509887695312500e+02 2.970543212890625000e+02 2.964950561523437500e+02
2.922061767578125000e+02 2.931319274902343750e+02 2.928552551269531250e+02 2.933534851074218750e+02
2.975161743164062500e+02 2.976228637695312500e+02 2.982981567382812500e+02 2.990044860839843750e+02
3.002029418945312500e+02 2.992188415527343750e+02 3.002980957031250000e+02 2.999238586425781250e+02
3.030644531250000000e+02 3.012986145019531250e+02 3.035404052734375000e+02 3.028338928222656250e+02
3.072641906738281250e+02 3.059314575195312500e+02 3.065064086914062500e+02 3.050185546875000000e+02
3.089458923339843750e+02 3.068641357421875000e+02 3.076196594238281250e+02 3.064887695312500000e+02
3.042304992675781250e+02 3.024897155761718750e+02 3.018478088378906250e+02 3.004177856445312500e+02
3.087074279785156250e+02 3.079941406250000000e+02 3.092524414062500000e+02 3.073739318847656250e+02
3.005318908691406250e+02 2.996339416503906250e+02 3.018452148437500000e+02 3.008804321289062500e+02
2.943417358398437500e+02 2.943080444335937500e+02 2.923484191894531250e+02 2.940206298828125000e+02
2.950328979492187500e+02 2.931617431640625000e+02 2.956483764648437500e+02 2.935710754394531250e+02
2.962362060546875000e+02 2.953445739746093750e+02 2.968500976562500000e+02 2.966791992187500000e+02
2.974135131835937500e+02 2.979631958007812500e+02 2.967740173339843750e+02 2.963636169433593750e+02
3.000719299316406250e+02 2.987559814453125000e+02 2.989400939941406250e+02 2.995609741210937500e+02
3.038259582519531250e+02 3.030431823730468750e+02 3.037955932617187500e+02 3.040878906250000000e+02
3.029852905273437500e+02 3.023252868652343750e+02 3.021871643066406250e+02 3.021590270996093750e+02
2.980453491210937500e+02 2.979165954589843750e+02 2.981585693359375000e+02 2.985870056152343750e+02
3.005728454589843750e+02 2.998488464355468750e+02 3.005327148437500000e+02 3.004527282714843750e+02
2.966614074707031250e+02 2.977050781250000000e+02 2.959365234375000000e+02 2.968052978515625000e+02
3.023872985839843750e+02 3.020332336425781250e+02 3.020660400390625000e+02 3.030338439941406250e+02
2.999812927246093750e+02 2.981900939941406250e+02 3.007117004394531250e+02 2.999675292968750000e+02
3.039890747070312500e+02 3.028020019531250000e+02 3.014743957519531250e+02 3.004243774414062500e+02
2.979391174316406250e+02 2.975250244140625000e+02 2.985896606445312500e+02 2.980383911132812500e+02
3.005129394531250000e+02 2.997306823730468750e+02 3.013298034667968750e+02 3.011619567871093750e+02
3.051494750976562500e+02 3.037183837890625000e+02 3.041377258300781250e+02 3.043068237304687500e+02
3.062248535156250000e+02 3.056131591796875000e+02 3.043566284179687500e+02 3.028990478515625000e+02
3.083059692382812500e+02 3.075154724121093750e+02 3.078497314453125000e+02 3.067778930664062500e+02
3.056371765136718750e+02 3.059387817382812500e+02 3.063309020996093750e+02 3.060618896484375000e+02
3.026187744140625000e+02 3.002378540039062500e+02 3.026738891601562500e+02 3.011782836914062500e+02
3.035396728515625000e+02 3.041505432128906250e+02 3.027345275878906250e+02 3.040856628417968750e+02
3.084141540527343750e+02 3.088221435546875000e+02 3.087655029296875000e+02 3.093038940429687500e+02
3.108261108398437500e+02 3.103233947753906250e+02 3.103844909667968750e+02 3.101277160644531250e+02
3.096498718261718750e+02 3.092126464843750000e+02 3.074431457519531250e+02 3.073242187500000000e+02
3.024872436523437500e+02 3.029788208007812500e+02 3.018511962890625000e+02 3.019995727539062500e+02
3.013869018554687500e+02 2.998188171386718750e+02 3.012890014648437500e+02 3.010317687988281250e+02
3.052655029296875000e+02 3.045372924804687500e+02 3.050409240722656250e+02 3.054018554687500000e+02
3.061765747070312500e+02 3.055309448242187500e+02 3.060070800781250000e+02 3.064719238281250000e+02
3.060455322265625000e+02 3.059883117675781250e+02 3.051588745117187500e+02 3.058405456542968750e+02
3.027450866699218750e+02 3.021010131835937500e+02 3.020015258789062500e+02 3.029400939941406250e+02
2.982347717285156250e+02 2.987372741699218750e+02 2.986255798339843750e+02 2.992820739746093750e+02
3.058453063964843750e+02 3.053121032714843750e+02 3.043615722656250000e+02 3.048005981445312500e+02
3.039175109863281250e+02 3.038617553710937500e+02 3.039210205078125000e+02 3.048586120605468750e+02
3.041784973144531250e+02 3.036251831054687500e+02 3.035767517089843750e+02 3.035525817871093750e+02
3.054446411132812500e+02 3.046888122558593750e+02 3.061335754394531250e+02 3.056184997558593750e+02
3.063423767089843750e+02 3.059274291992187500e+02 3.060358276367187500e+02 3.044975280761718750e+02
3.051368103027343750e+02 3.041925048828125000e+02 3.064070434570312500e+02 3.059576110839843750e+02
3.058706359863281250e+02 3.042640686035156250e+02 3.061890869140625000e+02 3.061240234375000000e+02
3.057264099121093750e+02 3.055466918945312500e+02 3.049773559570312500e+02 3.045246582031250000e+02
3.060870971679687500e+02 3.054266662597656250e+02 3.066931152343750000e+02 3.070742187500000000e+02
3.076121215820312500e+02 3.080411682128906250e+02 3.082833862304687500e+02 3.080923767089843750e+02
3.064561157226562500e+02 3.066863708496093750e+02 3.075283203125000000e+02 3.080569458007812500e+02
3.018121948242187500e+02 3.030304870605468750e+02 3.028834228515625000e+02 3.050121459960937500e+02
2.974364929199218750e+02 2.971821289062500000e+02 2.969452819824218750e+02 2.969869689941406250e+02
3.037586059570312500e+02 3.044592895507812500e+02 3.047445983886718750e+02 3.041842956542968750e+02
3.004028930664062500e+02 2.995091552734375000e+02 3.009900817871093750e+02 3.002762145996093750e+02
2.998357849121093750e+02 2.988421936035156250e+02 2.995221252441406250e+02 2.997954711914062500e+02
3.024252014160156250e+02 3.025746765136718750e+02 3.033569030761718750e+02 3.029108886718750000e+02
2.983771972656250000e+02 2.991667480468750000e+02 2.981336669921875000e+02 2.992111206054687500e+02
3.003452758789062500e+02 2.987439880371093750e+02 3.005670776367187500e+02 2.988762512207031250e+02
3.013849487304687500e+02 3.004010314941406250e+02 3.012106323242187500e+02 3.012324829101562500e+02
2.952703552246093750e+02 2.956560974121093750e+02 2.950114440917968750e+02 2.957157897949218750e+02
2.933439331054687500e+02 2.932536315917968750e+02 2.934159240722656250e+02 2.930556945800781250e+02
2.930625000000000000e+02 2.935138244628906250e+02 2.954769897460937500e+02 2.957846679687500000e+02
2.946534729003906250e+02 2.939837341308593750e+02 2.957305908203125000e+02 2.949644775390625000e+02
3.004914245605468750e+02 2.989866638183593750e+02 3.007105102539062500e+02 2.988729553222656250e+02
3.041878967285156250e+02 3.024380493164062500e+02 3.047953491210937500e+02 3.036629638671875000e+02
3.015403747558593750e+02 2.999761047363281250e+02 3.024352111816406250e+02 3.011142883300781250e+02
3.050521240234375000e+02 3.042819213867187500e+02 3.044789733886718750e+02 3.037476501464843750e+02
3.041888732910156250e+02 3.035143127441406250e+02 3.036045227050781250e+02 3.033374633789062500e+02
3.001537170410156250e+02 3.003998413085937500e+02 2.996099548339843750e+02 2.999845581054687500e+02
2.957010803222656250e+02 2.959974060058593750e+02 2.962402038574218750e+02 2.966527404785156250e+02
3.004251098632812500e+02 3.004219970703125000e+02 2.990820617675781250e+02 2.991739501953125000e+02
3.042187805175781250e+02 3.040972290039062500e+02 3.040347595214843750e+02 3.030702819824218750e+02
3.058897705078125000e+02 3.049222106933593750e+02 3.052921447753906250e+02 3.041387634277343750e+02
3.081809387207031250e+02 3.068522338867187500e+02 3.071635131835937500e+02 3.056857910156250000e+02
3.017132873535156250e+02 3.009550781250000000e+02 3.029889526367187500e+02 3.024322204589843750e+02
2.989700317382812500e+02 2.974989624023437500e+02 2.997062683105468750e+02 2.984834594726562500e+02
2.986791381835937500e+02 2.987094116210937500e+02 2.975692749023437500e+02 2.971930236816406250e+02
3.033547058105468750e+02 3.028385925292968750e+02 3.039306640625000000e+02 3.037141418457031250e+02
3.001831359863281250e+02 2.986704406738281250e+02 3.012522888183593750e+02 2.993347473144531250e+02
2.983322448730468750e+02 2.978484802246093750e+02 2.993843688964843750e+02 2.987065734863281250e+02
2.985586547851562500e+02 2.980929870605468750e+02 2.985728759765625000e+02 2.979309692382812500e+02
2.965973205566406250e+02 2.961954040527343750e+02 2.977336425781250000e+02 2.967903747558593750e+02
3.009013366699218750e+02 3.010281372070312500e+02 3.002101135253906250e+02 2.994075927734375000e+02
2.969128112792968750e+02 2.955419006347656250e+02 2.985313415527343750e+02 2.961400756835937500e+02
2.930867309570312500e+02 2.930224609375000000e+02 2.944324035644531250e+02 2.942718200683593750e+02
3.008733825683593750e+02 3.000893554687500000e+02 2.992207641601562500e+02 2.980556030273437500e+02
2.975608215332031250e+02 2.979179687500000000e+02 2.971367797851562500e+02 2.980658569335937500e+02
2.938113403320312500e+02 2.930937194824218750e+02 2.946631774902343750e+02 2.937104187011718750e+02
2.991474914550781250e+02 2.989562683105468750e+02 2.985912780761718750e+02 2.980275573730468750e+02
2.951442260742187500e+02 2.954877319335937500e+02 2.954447937011718750e+02 2.961074829101562500e+02
2.960111999511718750e+02 2.945285644531250000e+02 2.963993530273437500e+02 2.942553405761718750e+02
2.972856750488281250e+02 2.967320251464843750e+02 2.962421875000000000e+02 2.960223693847656250e+02
3.036806640625000000e+02 3.039683532714843750e+02 3.039788513183593750e+02 3.033341369628906250e+02
3.053456726074218750e+02 3.048744812011718750e+02 3.061013793945312500e+02 3.042716979980468750e+02
3.022162170410156250e+02 3.025625305175781250e+02 3.045581665039062500e+02 3.048587646484375000e+02
2.937983093261718750e+02 2.953925170898437500e+02 2.961550598144531250e+02 2.973157348632812500e+02
2.918773803710937500e+02 2.917090759277343750e+02 2.923793640136718750e+02 2.923338928222656250e+02
2.957412414550781250e+02 2.964134521484375000e+02 2.971307373046875000e+02 2.973880310058593750e+02
2.897698974609375000e+02 2.910969848632812500e+02 2.908202514648437500e+02 2.927014770507812500e+02
2.965337829589843750e+02 2.972817077636718750e+02 2.975037841796875000e+02 2.978902587890625000e+02
2.887856140136718750e+02 2.906959533691406250e+02 2.898909606933593750e+02 2.920515136718750000e+02
2.974847106933593750e+02 2.969359130859375000e+02 2.966107177734375000e+02 2.960825195312500000e+02
2.962600097656250000e+02 2.934861755371093750e+02 2.963292236328125000e+02 2.929789733886718750e+02
2.951660766601562500e+02 2.933254089355468750e+02 2.937897338867187500e+02 2.925987854003906250e+02
2.897521362304687500e+02 2.901256713867187500e+02 2.915403137207031250e+02 2.924333190917968750e+02
2.941755065917968750e+02 2.939189453125000000e+02 2.936013488769531250e+02 2.928653259277343750e+02
2.920020751953125000e+02 2.913286743164062500e+02 2.922463073730468750e+02 2.914784545898437500e+02
2.880355224609375000e+02 2.864745178222656250e+02 2.870164184570312500e+02 2.869733886718750000e+02
2.877453308105468750e+02 2.875390625000000000e+02 2.887297668457031250e+02 2.880334777832031250e+02
2.938737792968750000e+02 2.933421020507812500e+02 2.925606079101562500e+02 2.920751953125000000e+02
2.901830749511718750e+02 2.891649780273437500e+02 2.925447692871093750e+02 2.897946472167968750e+02
2.891269836425781250e+02 2.884616394042968750e+02 2.882965698242187500e+02 2.873845214843750000e+02
2.918559570312500000e+02 2.926524658203125000e+02 2.910877685546875000e+02 2.921567687988281250e+02
2.899590148925781250e+02 2.899820251464843750e+02 2.900075683593750000e+02 2.904695129394531250e+02
2.842190246582031250e+02 2.852522583007812500e+02 2.845260314941406250e+02 2.855994873046875000e+02
2.856906433105468750e+02 2.858561401367187500e+02 2.860839538574218750e+02 2.864885559082031250e+02
2.881477355957031250e+02 2.881472167968750000e+02 2.873471984863281250e+02 2.874230041503906250e+02
2.963864135742187500e+02 2.956741027832031250e+02 2.955709228515625000e+02 2.950342102050781250e+02
2.946884460449218750e+02 2.925025939941406250e+02 2.954299926757812500e+02 2.930404357910156250e+02
2.947184143066406250e+02 2.941090393066406250e+02 2.940523071289062500e+02 2.937993164062500000e+02
2.928704833984375000e+02 2.912169189453125000e+02 2.915992736816406250e+02 2.910005798339843750e+02
2.876262512207031250e+02 2.884375610351562500e+02 2.884363403320312500e+02 2.889908447265625000e+02
2.887199401855468750e+02 2.889602661132812500e+02 2.895162353515625000e+02 2.896076354980468750e+02
2.875319519042968750e+02 2.873509826660156250e+02 2.876356811523437500e+02 2.875042724609375000e+02
2.839262695312500000e+02 2.837604980468750000e+02 2.840643310546875000e+02 2.838020935058593750e+02
2.857793884277343750e+02 2.850890502929687500e+02 2.857841186523437500e+02 2.852031860351562500e+02
2.901870117187500000e+02 2.908840637207031250e+02 2.909569702148437500e+02 2.915656738281250000e+02
2.897497558593750000e+02 2.903218994140625000e+02 2.896142272949218750e+02 2.903723449707031250e+02
2.845145874023437500e+02 2.846388549804687500e+02 2.846141662597656250e+02 2.844047851562500000e+02
2.805113220214843750e+02 2.827569885253906250e+02 2.841044616699218750e+02 2.852190856933593750e+02
2.835513610839843750e+02 2.834693603515625000e+02 2.835234985351562500e+02 2.836840515136718750e+02
2.844812316894531250e+02 2.849033813476562500e+02 2.844151611328125000e+02 2.848908691406250000e+02
2.892647399902343750e+02 2.895420227050781250e+02 2.888336486816406250e+02 2.891226806640625000e+02
2.828450927734375000e+02 2.830303344726562500e+02 2.832086791992187500e+02 2.831510620117187500e+02
2.812892456054687500e+02 2.809536132812500000e+02 2.816288146972656250e+02 2.811626892089843750e+02
2.823580627441406250e+02 2.821058654785156250e+02 2.819404907226562500e+02 2.823693847656250000e+02
2.907487792968750000e+02 2.903197326660156250e+02 2.895971374511718750e+02 2.890318298339843750e+02
2.863861694335937500e+02 2.860665893554687500e+02 2.863190917968750000e+02 2.861519775390625000e+02
2.820945739746093750e+02 2.825550537109375000e+02 2.816517028808593750e+02 2.832082214355468750e+02
2.904620056152343750e+02 2.896568298339843750e+02 2.902967834472656250e+02 2.894200439453125000e+02
2.876990966796875000e+02 2.877971496582031250e+02 2.878352050781250000e+02 2.873444519042968750e+02
2.814812927246093750e+02 2.827518615722656250e+02 2.835478210449218750e+02 2.839523925781250000e+02
2.838122253417968750e+02 2.840251770019531250e+02 2.840815124511718750e+02 2.842754821777343750e+02
2.782117919921875000e+02 2.782048034667968750e+02 2.787292785644531250e+02 2.787378845214843750e+02
2.822723388671875000e+02 2.823671875000000000e+02 2.829734191894531250e+02 2.830824890136718750e+02
2.852663574218750000e+02 2.855050964355468750e+02 2.856492309570312500e+02 2.852593383789062500e+02
2.894588928222656250e+02 2.890848999023437500e+02 2.904893188476562500e+02 2.891408996582031250e+02
2.850220336914062500e+02 2.852249755859375000e+02 2.860855102539062500e+02 2.861936645507812500e+02
2.780720214843750000e+02 2.775948486328125000e+02 2.786359558105468750e+02 2.781098327636718750e+02
2.788722229003906250e+02 2.782121582031250000e+02 2.785497436523437500e+02 2.782940368652343750e+02
2.754483337402343750e+02 2.779211120605468750e+02 2.767333068847656250e+02 2.795592346191406250e+02
2.753202209472656250e+02 2.754313659667968750e+02 2.759527587890625000e+02 2.762697143554687500e+02
2.817294616699218750e+02 2.815889282226562500e+02 2.819364929199218750e+02 2.819417419433593750e+02
2.830917663574218750e+02 2.835514221191406250e+02 2.838517456054687500e+02 2.843435363769531250e+02
2.817095336914062500e+02 2.814312744140625000e+02 2.824629516601562500e+02 2.816304626464843750e+02
2.828729553222656250e+02 2.835364990234375000e+02 2.838908386230468750e+02 2.831083068847656250e+02
2.825711364746093750e+02 2.834449462890625000e+02 2.835159912109375000e+02 2.830280761718750000e+02
2.836229858398437500e+02 2.838194274902343750e+02 2.844322204589843750e+02 2.845376892089843750e+02
2.811575012207031250e+02 2.811174621582031250e+02 2.814402160644531250e+02 2.813568725585937500e+02
2.788420410156250000e+02 2.788534545898437500e+02 2.786613769531250000e+02 2.785111999511718750e+02
2.833891906738281250e+02 2.837897949218750000e+02 2.845380554199218750e+02 2.842675170898437500e+02
2.852231445312500000e+02 2.852286682128906250e+02 2.854521179199218750e+02 2.856020202636718750e+02
2.809645690917968750e+02 2.810596313476562500e+02 2.812308959960937500e+02 2.812943420410156250e+02
2.875348815917968750e+02 2.868320007324218750e+02 2.877327270507812500e+02 2.863458251953125000e+02
2.857764587402343750e+02 2.852832031250000000e+02 2.862636718750000000e+02 2.852445068359375000e+02
2.852994689941406250e+02 2.863255310058593750e+02 2.864519653320312500e+02 2.868039855957031250e+02
2.727632141113281250e+02 2.725965881347656250e+02 2.734986267089843750e+02 2.734208068847656250e+02
2.732754516601562500e+02 2.732423095703125000e+02 2.744026489257812500e+02 2.738134460449218750e+02
2.780301208496093750e+02 2.777206420898437500e+02 2.787247924804687500e+02 2.780769958496093750e+02
2.799491271972656250e+02 2.793590087890625000e+02 2.807292175292968750e+02 2.797224121093750000e+02
2.853088073730468750e+02 2.849276123046875000e+02 2.859620361328125000e+02 2.840705871582031250e+02
2.890004272460937500e+02 2.891307678222656250e+02 2.901838684082031250e+02 2.892912597656250000e+02
2.770583496093750000e+02 2.774448547363281250e+02 2.779837646484375000e+02 2.780372924804687500e+02
2.756094360351562500e+02 2.762224426269531250e+02 2.764796447753906250e+02 2.771944885253906250e+02
2.725704345703125000e+02 2.730284729003906250e+02 2.733386840820312500e+02 2.738717041015625000e+02
2.817519836425781250e+02 2.814952697753906250e+02 2.820631103515625000e+02 2.811213989257812500e+02
2.762621154785156250e+02 2.774841003417968750e+02 2.773835449218750000e+02 2.785293579101562500e+02
2.696403808593750000e+02 2.707032470703125000e+02 2.712049865722656250e+02 2.720059204101562500e+02
2.730048828125000000e+02 2.752175292968750000e+02 2.730819091796875000e+02 2.746781921386718750e+02
2.710557556152343750e+02 2.721428527832031250e+02 2.713589782714843750e+02 2.727082824707031250e+02
2.746626892089843750e+02 2.761379699707031250e+02 2.775802001953125000e+02 2.787867126464843750e+02
2.749353332519531250e+02 2.759236450195312500e+02 2.764297180175781250e+02 2.773605346679687500e+02
2.659451293945312500e+02 2.668515319824218750e+02 2.671635742187500000e+02 2.677150573730468750e+02
2.702616882324218750e+02 2.709035644531250000e+02 2.707695312500000000e+02 2.711101989746093750e+02
2.699486389160156250e+02 2.706351318359375000e+02 2.712727355957031250e+02 2.709510192871093750e+02
2.732717285156250000e+02 2.740212707519531250e+02 2.746723937988281250e+02 2.766690368652343750e+02
2.759114990234375000e+02 2.761023254394531250e+02 2.757135925292968750e+02 2.758328247070312500e+02
2.760514526367187500e+02 2.780972900390625000e+02 2.773266906738281250e+02 2.790906982421875000e+02
2.669188842773437500e+02 2.690787048339843750e+02 2.689085388183593750e+02 2.704573364257812500e+02
2.712016601562500000e+02 2.725954895019531250e+02 2.732585144042968750e+02 2.741344299316406250e+02
2.733467102050781250e+02 2.745165100097656250e+02 2.746349487304687500e+02 2.750767517089843750e+02
2.783812255859375000e+02 2.787814025878906250e+02 2.787032470703125000e+02 2.788288879394531250e+02
2.774382324218750000e+02 2.784479675292968750e+02 2.784333496093750000e+02 2.793252868652343750e+02
2.694031066894531250e+02 2.693578186035156250e+02 2.705746765136718750e+02 2.705227050781250000e+02
