2.805423583984375000e+02 2.803719482421875000e+02 2.810593872070312500e+02 2.806485900878906250e+02
2.856396179199218750e+02 2.851553039550781250e+02 2.855027465820312500e+02 2.850348205566406250e+02
2.751009521484375000e+02 2.758093872070312500e+02 2.756438293457031250e+02 2.764864501953125000e+02
2.656544189453125000e+02 2.664494323730468750e+02 2.662839965820312500e+02 2.672189636230468750e+02
2.668524475097656250e+02 2.672680664062500000e+02 2.676639709472656250e+02 2.680510559082031250e+02
2.678721618652343750e+02 2.687385253906250000e+02 2.686565246582031250e+02 2.694352722167968750e+02
2.708952636718750000e+02 2.717978515625000000e+02 2.718325500488281250e+02 2.725274353027343750e+02
2.784124450683593750e+02 2.791604919433593750e+02 2.802099914550781250e+02 2.806661376953125000e+02
2.701558837890625000e+02 2.706252441406250000e+02 2.711986389160156250e+02 2.715438232421875000e+02
2.680405578613281250e+02 2.687435302734375000e+02 2.689868164062500000e+02 2.697534790039062500e+02
2.651658325195312500e+02 2.661434020996093750e+02 2.667606811523437500e+02 2.676287231445312500e+02
2.623829040527343750e+02 2.632417297363281250e+02 2.636755676269531250e+02 2.646310729980468750e+02
2.696378784179687500e+02 2.710253906250000000e+02 2.707331848144531250e+02 2.717023620605468750e+02
2.751550598144531250e+02 2.759813842773437500e+02 2.758211669921875000e+02 2.774338989257812500e+02
2.696447448730468750e+02 2.700272216796875000e+02 2.703958129882812500e+02 2.709043884277343750e+02
2.680536193847656250e+02 2.687518615722656250e+02 2.693523559570312500e+02 2.700859985351562500e+02
2.658551635742187500e+02 2.673349914550781250e+02 2.678714599609375000e+02 2.686635437011718750e+02
2.660067749023437500e+02 2.673802490234375000e+02 2.683811340332031250e+02 2.687554321289062500e+02
2.592271423339843750e+02 2.608559875488281250e+02 2.603371887207031250e+02 2.621448364257812500e+02
2.616023864746093750e+02 2.630425415039062500e+02 2.636139526367187500e+02 2.650032348632812500e+02
2.747429504394531250e+02 2.757413330078125000e+02 2.761364440917968750e+02 2.764295043945312500e+02
2.757664184570312500e+02 2.760450134277343750e+02 2.762162780761718750e+02 2.764702758789062500e+02
2.726334228515625000e+02 2.728198852539062500e+02 2.735076293945312500e+02 2.734416809082031250e+02
2.724279174804687500e+02 2.731760559082031250e+02 2.731145629882812500e+02 2.735588073730468750e+02
2.768751525878906250e+02 2.772347106933593750e+02 2.776846008300781250e+02 2.778101806640625000e+02
2.747192993164062500e+02 2.749945678710937500e+02 2.748791809082031250e+02 2.750332946777343750e+02
2.759672851562500000e+02 2.758831176757812500e+02 2.761360473632812500e+02 2.761459655761718750e+02
2.755156860351562500e+02 2.754099121093750000e+02 2.754830322265625000e+02 2.755364379882812500e+02
2.768100585937500000e+02 2.765867919921875000e+02 2.769641723632812500e+02 2.767081909179687500e+02
2.753167114257812500e+02 2.753400268554687500e+02 2.757114257812500000e+02 2.758447265625000000e+02
2.722766723632812500e+02 2.724132080078125000e+02 2.730364685058593750e+02 2.730517272949218750e+02
2.697007446289062500e+02 2.702805786132812500e+02 2.702906494140625000e+02 2.708861999511718750e+02
2.675411682128906250e+02 2.681049804687500000e+02 2.683665161132812500e+02 2.689641418457031250e+02
2.677361755371093750e+02 2.679352111816406250e+02 2.687424316406250000e+02 2.689466247558593750e+02
2.687003784179687500e+02 2.688940124511718750e+02 2.698542785644531250e+02 2.697374572753906250e+02
2.673648071289062500e+02 2.678911437988281250e+02 2.680111389160156250e+02 2.682840576171875000e+02
2.649077148437500000e+02 2.652869262695312500e+02 2.652486572265625000e+02 2.655671997070312500e+02
2.653712158203125000e+02 2.656868286132812500e+02 2.658821716308593750e+02 2.660335388183593750e+02
2.685295715332031250e+02 2.693532104492187500e+02 2.690079650878906250e+02 2.698901977539062500e+02
2.634915466308593750e+02 2.642001342773437500e+02 2.641966857910156250e+02 2.645826416015625000e+02
2.579906005859375000e+02 2.588339233398437500e+02 2.589579162597656250e+02 2.594055175781250000e+02
2.560863647460937500e+02 2.568534851074218750e+02 2.570012817382812500e+02 2.573422241210937500e+02
2.570946350097656250e+02 2.576345825195312500e+02 2.576114196777343750e+02 2.578574829101562500e+02
2.589909973144531250e+02 2.598778076171875000e+02 2.601430664062500000e+02 2.608442687988281250e+02
2.566397399902343750e+02 2.572148132324218750e+02 2.573627319335937500e+02 2.576293640136718750e+02
2.600315856933593750e+02 2.602144470214843750e+02 2.608279113769531250e+02 2.606292419433593750e+02
2.609804382324218750e+02 2.613931884765625000e+02 2.617134094238281250e+02 2.622620239257812500e+02
2.574502258300781250e+02 2.580562744140625000e+02 2.583168640136718750e+02 2.586791381835937500e+02
2.577626647949218750e+02 2.581516418457031250e+02 2.580199584960937500e+02 2.587074584960937500e+02
2.631404724121093750e+02 2.643061828613281250e+02 2.645246887207031250e+02 2.653888244628906250e+02
2.688972167968750000e+02 2.694234313964843750e+02 2.686670532226562500e+02 2.694624328613281250e+02
2.741315917968750000e+02 2.737730102539062500e+02 2.736955261230468750e+02 2.737511901855468750e+02
2.785332031250000000e+02 2.781278381347656250e+02 2.783811035156250000e+02 2.780651550292968750e+02
2.744560546875000000e+02 2.745102844238281250e+02 2.746110534667968750e+02 2.746573486328125000e+02
2.758955993652343750e+02 2.761653137207031250e+02 2.769036254882812500e+02 2.767873535156250000e+02
2.763854675292968750e+02 2.760915222167968750e+02 2.765516967773437500e+02 2.763761901855468750e+02
2.736742248535156250e+02 2.742900390625000000e+02 2.744928588867187500e+02 2.750346679687500000e+02
2.736297912597656250e+02 2.741333312988281250e+02 2.741727600097656250e+02 2.745859069824218750e+02
2.754866027832031250e+02 2.751160278320312500e+02 2.758447265625000000e+02 2.754425354003906250e+02
2.757921752929687500e+02 2.760120544433593750e+02 2.761387329101562500e+02 2.764992370605468750e+02
2.763380737304687500e+02 2.766768493652343750e+02 2.766589050292968750e+02 2.774438781738281250e+02
2.761016845703125000e+02 2.761296691894531250e+02 2.763986511230468750e+02 2.767172546386718750e+02
2.763524780273437500e+02 2.766311340332031250e+02 2.761822814941406250e+02 2.770773620605468750e+02
2.834951477050781250e+02 2.829301147460937500e+02 2.827343444824218750e+02 2.826820678710937500e+02
2.833210449218750000e+02 2.829007873535156250e+02 2.826501770019531250e+02 2.828055725097656250e+02
2.812223205566406250e+02 2.810332031250000000e+02 2.811417846679687500e+02 2.814782104492187500e+02
2.785180969238281250e+02 2.782557678222656250e+02 2.787643737792968750e+02 2.786695556640625000e+02
2.786706542968750000e+02 2.783958129882812500e+02 2.787776794433593750e+02 2.787447509765625000e+02
2.772460327148437500e+02 2.775434570312500000e+02 2.777950134277343750e+02 2.781374511718750000e+02
2.775347595214843750e+02 2.779568481445312500e+02 2.777050170898437500e+02 2.787182922363281250e+02
2.708896789550781250e+02 2.717771606445312500e+02 2.711503295898437500e+02 2.724384155273437500e+02
2.720254516601562500e+02 2.722666931152343750e+02 2.721003723144531250e+02 2.726697082519531250e+02
2.814797058105468750e+02 2.815488586425781250e+02 2.812332458496093750e+02 2.817050476074218750e+02
2.732261352539062500e+02 2.741745910644531250e+02 2.737357482910156250e+02 2.749886474609375000e+02
2.685447998046875000e+02 2.692371826171875000e+02 2.688130493164062500e+02 2.698375549316406250e+02
2.728533325195312500e+02 2.730939331054687500e+02 2.732539367675781250e+02 2.737940673828125000e+02
2.728651733398437500e+02 2.729157104492187500e+02 2.728853454589843750e+02 2.732610778808593750e+02
2.762377319335937500e+02 2.761194458007812500e+02 2.760986022949218750e+02 2.764883117675781250e+02
2.782146301269531250e+02 2.778152465820312500e+02 2.781593322753906250e+02 2.781196289062500000e+02
2.810661010742187500e+02 2.798248291015625000e+02 2.806116027832031250e+02 2.798794555664062500e+02
2.816356506347656250e+02 2.805334472656250000e+02 2.816856384277343750e+02 2.809978332519531250e+02
2.836535339355468750e+02 2.821712951660156250e+02 2.827590637207031250e+02 2.817852783203125000e+02
2.836153564453125000e+02 2.826889648437500000e+02 2.827026367187500000e+02 2.825232543945312500e+02
2.843564147949218750e+02 2.836660156250000000e+02 2.839180297851562500e+02 2.841005249023437500e+02
2.809509277343750000e+02 2.806753540039062500e+02 2.807031555175781250e+02 2.807600097656250000e+02
2.755808105468750000e+02 2.764122009277343750e+02 2.765916748046875000e+02 2.775480346679687500e+02
2.750138549804687500e+02 2.752730407714843750e+02 2.752221679687500000e+02 2.757807006835937500e+02
2.764684753417968750e+02 2.769374084472656250e+02 2.765592041015625000e+02 2.774140930175781250e+02
2.813734436035156250e+02 2.808595275878906250e+02 2.817438964843750000e+02 2.816511840820312500e+02
2.818068847656250000e+02 2.808932495117187500e+02 2.815758972167968750e+02 2.810339660644531250e+02
2.803517150878906250e+02 2.793958129882812500e+02 2.808711853027343750e+02 2.795633544921875000e+02
2.774921569824218750e+02 2.776070861816406250e+02 2.774971618652343750e+02 2.777215881347656250e+02
2.804928894042968750e+02 2.808907775878906250e+02 2.812927856445312500e+02 2.814461975097656250e+02
2.779930725097656250e+02 2.781809387207031250e+02 2.782776489257812500e+02 2.785311584472656250e+02
2.784278869628906250e+02 2.787622375488281250e+02 2.789868164062500000e+02 2.793335571289062500e+02
2.787148742675781250e+02 2.794237976074218750e+02 2.792463073730468750e+02 2.798220214843750000e+02
2.763764038085937500e+02 2.768442993164062500e+02 2.763824462890625000e+02 2.770369567871093750e+02
2.761924743652343750e+02 2.764385681152343750e+02 2.761704101562500000e+02 2.766160888671875000e+02
2.754089355468750000e+02 2.761573791503906250e+02 2.757115173339843750e+02 2.768659057617187500e+02
2.772574462890625000e+02 2.778661499023437500e+02 2.774530944824218750e+02 2.786258850097656250e+02
2.798565063476562500e+02 2.798764343261718750e+02 2.800885314941406250e+02 2.802712707519531250e+02
2.820262145996093750e+02 2.812660522460937500e+02 2.823923950195312500e+02 2.817509460449218750e+02
2.800942687988281250e+02 2.795800170898437500e+02 2.799624328613281250e+02 2.796000671386718750e+02
2.771326293945312500e+02 2.774346618652343750e+02 2.773709411621093750e+02 2.777020874023437500e+02
2.774402770996093750e+02 2.774972229003906250e+02 2.777269592285156250e+02 2.777894897460937500e+02
2.778264465332031250e+02 2.779893798828125000e+02 2.779495544433593750e+02 2.781966247558593750e+02
2.801324157714843750e+02 2.799075012207031250e+02 2.800293884277343750e+02 2.798837280273437500e+02
2.805377197265625000e+02 2.801023254394531250e+02 2.807122192382812500e+02 2.801663208007812500e+02
2.804291992187500000e+02 2.799389343261718750e+02 2.804957275390625000e+02 2.801803894042968750e+02
2.796834106445312500e+02 2.793556823730468750e+02 2.795234680175781250e+02 2.793521423339843750e+02
2.819138488769531250e+02 2.810522155761718750e+02 2.812304687500000000e+02 2.806993408203125000e+02
2.832149047851562500e+02 2.823234252929687500e+02 2.817950134277343750e+02 2.813647460937500000e+02
2.875305480957031250e+02 2.861913146972656250e+02 2.867273559570312500e+02 2.856024780273437500e+02
2.876506347656250000e+02 2.864610290527343750e+02 2.871272277832031250e+02 2.860737609863281250e+02
2.867562561035156250e+02 2.853903503417968750e+02 2.863385620117187500e+02 2.852410583496093750e+02
2.886882629394531250e+02 2.872455444335937500e+02 2.874165039062500000e+02 2.867201843261718750e+02
2.886506347656250000e+02 2.876513977050781250e+02 2.877367553710937500e+02 2.875583801269531250e+02
2.890656738281250000e+02 2.874920959472656250e+02 2.878996276855468750e+02 2.870347290039062500e+02
2.878586425781250000e+02 2.863305358886718750e+02 2.881069946289062500e+02 2.869434204101562500e+02
2.883038024902343750e+02 2.868457336425781250e+02 2.879806823730468750e+02 2.868059692382812500e+02
2.879921569824218750e+02 2.874706115722656250e+02 2.877290344238281250e+02 2.873963317871093750e+02
2.845178527832031250e+02 2.846482849121093750e+02 2.845731201171875000e+02 2.849964599609375000e+02
2.860050354003906250e+02 2.854178771972656250e+02 2.857286987304687500e+02 2.858186035156250000e+02
2.884136962890625000e+02 2.877919311523437500e+02 2.882989807128906250e+02 2.881162719726562500e+02
2.863671569824218750e+02 2.861715087890625000e+02 2.866658935546875000e+02 2.869093017578125000e+02
2.843673706054687500e+02 2.843503417968750000e+02 2.841893615722656250e+02 2.844902343750000000e+02
2.875078735351562500e+02 2.868781433105468750e+02 2.873710937500000000e+02 2.871100158691406250e+02
2.891835632324218750e+02 2.878228759765625000e+02 2.888187866210937500e+02 2.880375671386718750e+02
2.959931640625000000e+02 2.939627990722656250e+02 2.940397033691406250e+02 2.924671630859375000e+02
2.996369934082031250e+02 2.978062133789062500e+02 2.988741455078125000e+02 2.971696472167968750e+02
2.918657226562500000e+02 2.897554016113281250e+02 2.925726928710937500e+02 2.906639404296875000e+02
2.878155822753906250e+02 2.868280334472656250e+02 2.872540283203125000e+02 2.869773254394531250e+02
2.900882873535156250e+02 2.892371826171875000e+02 2.887563781738281250e+02 2.886393737792968750e+02
2.899173583984375000e+02 2.893603515625000000e+02 2.888952941894531250e+02 2.888661193847656250e+02
2.892901000976562500e+02 2.885664367675781250e+02 2.892196044921875000e+02 2.890435180664062500e+02
2.911553955078125000e+02 2.899926147460937500e+02 2.906443176269531250e+02 2.901855163574218750e+02
2.891990356445312500e+02 2.882177429199218750e+02 2.891662597656250000e+02 2.882809448242187500e+02
2.863117980957031250e+02 2.858507995605468750e+02 2.869599914550781250e+02 2.865032958984375000e+02
2.853151855468750000e+02 2.849476013183593750e+02 2.859034729003906250e+02 2.856323547363281250e+02
2.864217834472656250e+02 2.861545410156250000e+02 2.871134033203125000e+02 2.870881042480468750e+02
2.884515075683593750e+02 2.873259277343750000e+02 2.886181945800781250e+02 2.879535827636718750e+02
2.914096679687500000e+02 2.904903259277343750e+02 2.908932189941406250e+02 2.905542297363281250e+02
2.880557861328125000e+02 2.877976989746093750e+02 2.874396972656250000e+02 2.877366333007812500e+02
2.863363647460937500e+02 2.869055175781250000e+02 2.882698669433593750e+02 2.888464355468750000e+02
2.875466308593750000e+02 2.881954956054687500e+02 2.890917053222656250e+02 2.900247802734375000e+02
2.905222167968750000e+02 2.900517883300781250e+02 2.900885925292968750e+02 2.901208801269531250e+02
2.886648864746093750e+02 2.886684875488281250e+02 2.881951293945312500e+02 2.885393066406250000e+02
2.893430480957031250e+02 2.893539733886718750e+02 2.887098083496093750e+02 2.891969299316406250e+02
2.902715148925781250e+02 2.898540649414062500e+02 2.899083862304687500e+02 2.901920776367187500e+02
2.889400024414062500e+02 2.886025390625000000e+02 2.895764160156250000e+02 2.896585693359375000e+02
2.905441894531250000e+02 2.903726196289062500e+02 2.907852172851562500e+02 2.909341125488281250e+02
2.908415527343750000e+02 2.903955078125000000e+02 2.915184020996093750e+02 2.909287109375000000e+02
2.897029113769531250e+02 2.891954650878906250e+02 2.896488037109375000e+02 2.892392883300781250e+02
2.903946228027343750e+02 2.900594787597656250e+02 2.892651977539062500e+02 2.891680297851562500e+02
2.912333679199218750e+02 2.907836914062500000e+02 2.896925048828125000e+02 2.897458190917968750e+02
2.912168884277343750e+02 2.902059631347656250e+02 2.911156616210937500e+02 2.903217773437500000e+02
2.910445861816406250e+02 2.907401123046875000e+02 2.915100402832031250e+02 2.910686035156250000e+02
2.909983215332031250e+02 2.906063842773437500e+02 2.912298889160156250e+02 2.909611206054687500e+02
2.920899047851562500e+02 2.917299804687500000e+02 2.914451293945312500e+02 2.913291015625000000e+02
2.944946899414062500e+02 2.936340332031250000e+02 2.932987976074218750e+02 2.926528320312500000e+02
2.950051879882812500e+02 2.942922973632812500e+02 2.936026916503906250e+02 2.932660827636718750e+02
2.940766601562500000e+02 2.938511962890625000e+02 2.932772521972656250e+02 2.933609924316406250e+02
2.894942626953125000e+02 2.903788757324218750e+02 2.895137939453125000e+02 2.905229492187500000e+02
2.883267211914062500e+02 2.891080627441406250e+02 2.886399841308593750e+02 2.894257507324218750e+02
2.901324462890625000e+02 2.904710083007812500e+02 2.901063232421875000e+02 2.905374450683593750e+02
2.950110473632812500e+02 2.946306152343750000e+02 2.942678833007812500e+02 2.940613403320312500e+02
2.990650329589843750e+02 2.982082214355468750e+02 2.979023132324218750e+02 2.968365783691406250e+02
2.980999145507812500e+02 2.968732299804687500e+02 2.960379333496093750e+02 2.950531311035156250e+02
2.968005065917968750e+02 2.957135925292968750e+02 2.960038146972656250e+02 2.951045837402343750e+02
2.911569519042968750e+02 2.905856933593750000e+02 2.914061889648437500e+02 2.905301818847656250e+02
2.914469604492187500e+02 2.908689270019531250e+02 2.916725158691406250e+02 2.911589965820312500e+02
2.897437133789062500e+02 2.894402160644531250e+02 2.900825500488281250e+02 2.896663818359375000e+02
2.912217712402343750e+02 2.910712280273437500e+02 2.910026245117187500e+02 2.909491577148437500e+02
2.934306030273437500e+02 2.932704162597656250e+02 2.932843627929687500e+02 2.930185546875000000e+02
2.905878906250000000e+02 2.913008117675781250e+02 2.912790527343750000e+02 2.917426452636718750e+02
2.891358642578125000e+02 2.892265930175781250e+02 2.893169555664062500e+02 2.892654724121093750e+02
2.889353637695312500e+02 2.890204467773437500e+02 2.889688415527343750e+02 2.891388244628906250e+02
2.908305664062500000e+02 2.907263183593750000e+02 2.899324951171875000e+02 2.900057678222656250e+02
2.931043395996093750e+02 2.928134155273437500e+02 2.922737121582031250e+02 2.922402648925781250e+02
2.931460266113281250e+02 2.927238464355468750e+02 2.920671997070312500e+02 2.920608215332031250e+02
2.937305297851562500e+02 2.935740051269531250e+02 2.931367187500000000e+02 2.931384582519531250e+02
2.952709960937500000e+02 2.948340454101562500e+02 2.947679748535156250e+02 2.948529357910156250e+02
2.946717224121093750e+02 2.946685180664062500e+02 2.940568847656250000e+02 2.943776550292968750e+02
2.962844238281250000e+02 2.960802917480468750e+02 2.961720581054687500e+02 2.963436889648437500e+02
2.928063049316406250e+02 2.932341918945312500e+02 2.928635559082031250e+02 2.936038208007812500e+02
2.891150512695312500e+02 2.899236145019531250e+02 2.890862731933593750e+02 2.899172973632812500e+02
2.902870483398437500e+02 2.907903747558593750e+02 2.902597351074218750e+02 2.910219421386718750e+02
2.920784606933593750e+02 2.922908325195312500e+02 2.919540100097656250e+02 2.927134094238281250e+02
2.945260314941406250e+02 2.942524108886718750e+02 2.940387878417968750e+02 2.943082885742187500e+02
2.971141967773437500e+02 2.964196777343750000e+02 2.957904968261718750e+02 2.953769226074218750e+02
2.964767150878906250e+02 2.958369445800781250e+02 2.945992431640625000e+02 2.943604125976562500e+02
2.955529785156250000e+02 2.952231750488281250e+02 2.945853271484375000e+02 2.946489562988281250e+02
2.963157958984375000e+02 2.953952026367187500e+02 2.956323242187500000e+02 2.951443176269531250e+02
3.000168457031250000e+02 2.988887023925781250e+02 2.994385375976562500e+02 2.986990051269531250e+02
2.998239746093750000e+02 2.988598937988281250e+02 2.991320190429687500e+02 2.985820007324218750e+02
2.967258911132812500e+02 2.958301086425781250e+02 2.962565307617187500e+02 2.957305908203125000e+02
2.973166809082031250e+02 2.964295654296875000e+02 2.970574340820312500e+02 2.965381164550781250e+02
2.973202514648437500e+02 2.967621154785156250e+02 2.974489440917968750e+02 2.973623046875000000e+02
2.952738037109375000e+02 2.947733154296875000e+02 2.959561767578125000e+02 2.954384155273437500e+02
2.954922790527343750e+02 2.953381958007812500e+02 2.956162109375000000e+02 2.953484497070312500e+02
2.966834411621093750e+02 2.966586914062500000e+02 2.963764038085937500e+02 2.962956237792968750e+02
2.981259155273437500e+02 2.979951477050781250e+02 2.977731323242187500e+02 2.977133178710937500e+02
2.989077148437500000e+02 2.988305053710937500e+02 2.983064880371093750e+02 2.980517272949218750e+02
2.998823242187500000e+02 2.993504638671875000e+02 2.993124389648437500e+02 2.988226318359375000e+02
2.990119323730468750e+02 2.988123474121093750e+02 2.981047058105468750e+02 2.982118530273437500e+02
2.990537719726562500e+02 2.987565002441406250e+02 2.986257934570312500e+02 2.984281616210937500e+02
2.992160339355468750e+02 2.989590454101562500e+02 2.985472412109375000e+02 2.983433837890625000e+02
2.987153320312500000e+02 2.985562744140625000e+02 2.983213500976562500e+02 2.985095214843750000e+02
2.974942016601562500e+02 2.973433532714843750e+02 2.977068786621093750e+02 2.982837524414062500e+02
2.992489929199218750e+02 2.990538024902343750e+02 2.993033752441406250e+02 2.997559814453125000e+02
2.987998352050781250e+02 2.985872497558593750e+02 2.988487548828125000e+02 2.993084411621093750e+02
2.985414123535156250e+02 2.981146850585937500e+02 2.978109741210937500e+02 2.976567077636718750e+02
3.001019592285156250e+02 2.994688720703125000e+02 2.999897155761718750e+02 2.994995727539062500e+02
3.000004882812500000e+02 2.993132019042968750e+02 2.998115539550781250e+02 2.993645935058593750e+02
2.994164428710937500e+02 2.988112182617187500e+02 2.987700500488281250e+02 2.988390197753906250e+02
2.970286865234375000e+02 2.965680847167968750e+02 2.965086364746093750e+02 2.967829589843750000e+02
2.987626342773437500e+02 2.980365600585937500e+02 2.984900817871093750e+02 2.985918579101562500e+02
2.979501037597656250e+02 2.975708923339843750e+02 2.981329650878906250e+02 2.981639404296875000e+02
2.940002441406250000e+02 2.941119079589843750e+02 2.937774658203125000e+02 2.944331054687500000e+02
2.973683471679687500e+02 2.970541381835937500e+02 2.973945007324218750e+02 2.975234375000000000e+02
2.965617980957031250e+02 2.962284851074218750e+02 2.969158020019531250e+02 2.968726196289062500e+02
2.945260009765625000e+02 2.948252563476562500e+02 2.949884948730468750e+02 2.954325866699218750e+02
2.927479858398437500e+02 2.926872558593750000e+02 2.935594177246093750e+02 2.932317810058593750e+02
2.890305480957031250e+02 2.894889526367187500e+02 2.890507812500000000e+02 2.896181640625000000e+02
2.892897644042968750e+02 2.897299194335937500e+02 2.895676879882812500e+02 2.902746582031250000e+02
2.923048706054687500e+02 2.924602966308593750e+02 2.927622070312500000e+02 2.930301818847656250e+02
2.912641296386718750e+02 2.915502014160156250e+02 2.916347656250000000e+02 2.921044616699218750e+02
2.905810852050781250e+02 2.904053955078125000e+02 2.906010437011718750e+02 2.906938171386718750e+02
2.898712463378906250e+02 2.900212097167968750e+02 2.901884460449218750e+02 2.906450805664062500e+02
2.892745971679687500e+02 2.896285400390625000e+02 2.894679870605468750e+02 2.902277526855468750e+02
2.895652160644531250e+02 2.898432922363281250e+02 2.900988464355468750e+02 2.906371765136718750e+02
2.917156677246093750e+02 2.911606140136718750e+02 2.919760742187500000e+02 2.917422180175781250e+02
2.913919067382812500e+02 2.908265075683593750e+02 2.914256896972656250e+02 2.911902770996093750e+02
2.927247314453125000e+02 2.920453186035156250e+02 2.928138732910156250e+02 2.927152709960937500e+02
2.919502258300781250e+02 2.915884094238281250e+02 2.921633300781250000e+02 2.917273864746093750e+02
2.950765991210937500e+02 2.944186401367187500e+02 2.948415527343750000e+02 2.943432312011718750e+02
2.972956848144531250e+02 2.965953979492187500e+02 2.968525390625000000e+02 2.965140075683593750e+02
2.962103271484375000e+02 2.954552917480468750e+02 2.963100280761718750e+02 2.959156799316406250e+02
2.960705566406250000e+02 2.955137329101562500e+02 2.960049743652343750e+02 2.957572021484375000e+02
2.958242797851562500e+02 2.950358276367187500e+02 2.964464721679687500e+02 2.959620666503906250e+02
2.961022644042968750e+02 2.956477050781250000e+02 2.964147949218750000e+02 2.963835754394531250e+02
2.980661315917968750e+02 2.973598632812500000e+02 2.976914978027343750e+02 2.971839904785156250e+02
2.958750305175781250e+02 2.951991882324218750e+02 2.963985900878906250e+02 2.956478271484375000e+02
2.923897094726562500e+02 2.922118530273437500e+02 2.928353271484375000e+02 2.924171752929687500e+02
2.941849670410156250e+02 2.938481750488281250e+02 2.941386108398437500e+02 2.939586486816406250e+02
2.969970703125000000e+02 2.961214904785156250e+02 2.965426330566406250e+02 2.959095458984375000e+02
2.957528381347656250e+02 2.948984375000000000e+02 2.964938049316406250e+02 2.956775512695312500e+02
2.941558532714843750e+02 2.938459472656250000e+02 2.947958068847656250e+02 2.942946166992187500e+02
2.957680358886718750e+02 2.953264770507812500e+02 2.959657287597656250e+02 2.956440429687500000e+02
2.959053955078125000e+02 2.953188171386718750e+02 2.964944152832031250e+02 2.960434570312500000e+02
2.911192626953125000e+02 2.908263549804687500e+02 2.919832153320312500e+02 2.917607727050781250e+02
2.874615783691406250e+02 2.879776000976562500e+02 2.883790588378906250e+02 2.888302307128906250e+02
2.887416687011718750e+02 2.889877014160156250e+02 2.892273864746093750e+02 2.890922241210937500e+02
2.905720214843750000e+02 2.904897155761718750e+02 2.915549621582031250e+02 2.914211730957031250e+02
2.876770019531250000e+02 2.878435974121093750e+02 2.880459289550781250e+02 2.882857666015625000e+02
2.900653991699218750e+02 2.899494018554687500e+02 2.899648437500000000e+02 2.900426330566406250e+02
2.933032226562500000e+02 2.930046081542968750e+02 2.936506347656250000e+02 2.933268737792968750e+02
2.932291259765625000e+02 2.930304565429687500e+02 2.936754760742187500e+02 2.936925964355468750e+02
2.889428100585937500e+02 2.893644714355468750e+02 2.893963928222656250e+02 2.900719604492187500e+02
2.901028137207031250e+02 2.902134704589843750e+02 2.904203491210937500e+02 2.908156433105468750e+02
2.917828369140625000e+02 2.916071777343750000e+02 2.917811279296875000e+02 2.916351928710937500e+02
2.901335144042968750e+02 2.901224365234375000e+02 2.910699462890625000e+02 2.910169982910156250e+02
2.822108459472656250e+02 2.826969604492187500e+02 2.825387573242187500e+02 2.828318481445312500e+02
2.868581542968750000e+02 2.873709411621093750e+02 2.876456604003906250e+02 2.880465698242187500e+02
2.898186645507812500e+02 2.899866333007812500e+02 2.905945739746093750e+02 2.907515869140625000e+02
2.849949035644531250e+02 2.856319580078125000e+02 2.858857116699218750e+02 2.863627319335937500e+02
2.836226806640625000e+02 2.846534118652343750e+02 2.842129211425781250e+02 2.850924987792968750e+02
2.846283569335937500e+02 2.855081176757812500e+02 2.853487243652343750e+02 2.860219116210937500e+02
2.890531921386718750e+02 2.889180603027343750e+02 2.895468444824218750e+02 2.894418945312500000e+02
2.880004577636718750e+02 2.881250915527343750e+02 2.885161743164062500e+02 2.886684570312500000e+02
2.880542907714843750e+02 2.881830139160156250e+02 2.884932556152343750e+02 2.885347595214843750e+02
2.914381713867187500e+02 2.908195495605468750e+02 2.920893249511718750e+02 2.916013488769531250e+02
2.875347595214843750e+02 2.876174926757812500e+02 2.882124328613281250e+02 2.882090148925781250e+02
2.870977172851562500e+02 2.875092163085937500e+02 2.880697326660156250e+02 2.884200439453125000e+02
2.901572875976562500e+02 2.900151367187500000e+02 2.905180053710937500e+02 2.904971618652343750e+02
2.897754211425781250e+02 2.896719055175781250e+02 2.902973327636718750e+02 2.902317504882812500e+02
2.911029357910156250e+02 2.908538513183593750e+02 2.913768920898437500e+02 2.910708618164062500e+02
2.908039855957031250e+02 2.905170288085937500e+02 2.913327941894531250e+02 2.911585083007812500e+02
2.890769042968750000e+02 2.889195251464843750e+02 2.890412902832031250e+02 2.890718688964843750e+02
2.862345581054687500e+02 2.868151245117187500e+02 2.871176452636718750e+02 2.876022033691406250e+02
2.835320739746093750e+02 2.839114379882812500e+02 2.839092102050781250e+02 2.842234802246093750e+02
2.817320251464843750e+02 2.828776245117187500e+02 2.831878662109375000e+02 2.839144592285156250e+02
2.766930236816406250e+02 2.775963745117187500e+02 2.772659301757812500e+02 2.782890625000000000e+02
2.760492248535156250e+02 2.771208801269531250e+02 2.760632019042968750e+02 2.775011901855468750e+02
2.792214050292968750e+02 2.805054016113281250e+02 2.800646057128906250e+02 2.812367553710937500e+02
2.841113586425781250e+02 2.846947326660156250e+02 2.847039489746093750e+02 2.852519226074218750e+02
2.813001098632812500e+02 2.819154052734375000e+02 2.818833618164062500e+02 2.823446350097656250e+02
2.797608032226562500e+02 2.803049316406250000e+02 2.801930236816406250e+02 2.806580200195312500e+02
2.816400756835937500e+02 2.818613281250000000e+02 2.823903503417968750e+02 2.824593200683593750e+02
2.812618103027343750e+02 2.818808288574218750e+02 2.824425354003906250e+02 2.822531127929687500e+02
2.862352294921875000e+02 2.859128417968750000e+02 2.869704589843750000e+02 2.864402465820312500e+02
2.831132507324218750e+02 2.835586547851562500e+02 2.841590270996093750e+02 2.842389526367187500e+02
2.877049255371093750e+02 2.873195800781250000e+02 2.878968505859375000e+02 2.872546997070312500e+02
2.904610595703125000e+02 2.897092590332031250e+02 2.900400695800781250e+02 2.893560180664062500e+02
2.933729553222656250e+02 2.922109375000000000e+02 2.927228698730468750e+02 2.912992248535156250e+02
2.920396728515625000e+02 2.909635620117187500e+02 2.913356323242187500e+02 2.901473388671875000e+02
2.895710449218750000e+02 2.891642761230468750e+02 2.895539855957031250e+02 2.890964660644531250e+02
2.826963500976562500e+02 2.831433105468750000e+02 2.832194519042968750e+02 2.836389770507812500e+02
2.789073486328125000e+02 2.798714599609375000e+02 2.798414916992187500e+02 2.806073303222656250e+02
2.764344482421875000e+02 2.772601013183593750e+02 2.768721618652343750e+02 2.777236328125000000e+02
2.762550354003906250e+02 2.774306640625000000e+02 2.775658569335937500e+02 2.783626708984375000e+02
2.809774475097656250e+02 2.816652832031250000e+02 2.817401733398437500e+02 2.822040710449218750e+02
2.802569580078125000e+02 2.807224121093750000e+02 2.807675476074218750e+02 2.812542724609375000e+02
2.779731445312500000e+02 2.789483642578125000e+02 2.785062866210937500e+02 2.794413146972656250e+02
2.792931213378906250e+02 2.798608093261718750e+02 2.797471923828125000e+02 2.802176208496093750e+02
2.858568115234375000e+02 2.858374328613281250e+02 2.862029724121093750e+02 2.860579833984375000e+02
2.865251464843750000e+02 2.868860778808593750e+02 2.869944763183593750e+02 2.874268188476562500e+02
2.805449523925781250e+02 2.810167846679687500e+02 2.808543090820312500e+02 2.811515502929687500e+02
2.788754577636718750e+02 2.796360473632812500e+02 2.790982360839843750e+02 2.799499206542968750e+02
2.780697021484375000e+02 2.790565795898437500e+02 2.789117736816406250e+02 2.796336364746093750e+02
2.822152099609375000e+02 2.826518859863281250e+02 2.827091979980468750e+02 2.832730712890625000e+02
2.808314819335937500e+02 2.810358886718750000e+02 2.809042663574218750e+02 2.814312438964843750e+02
2.819974060058593750e+02 2.824221191406250000e+02 2.825655822753906250e+02 2.830974426269531250e+02
2.881371154785156250e+02 2.880284729003906250e+02 2.883267517089843750e+02 2.883658142089843750e+02
2.829439697265625000e+02 2.832597045898437500e+02 2.835436096191406250e+02 2.836947937011718750e+02
2.795481872558593750e+02 2.804271545410156250e+02 2.800541381835937500e+02 2.808916320800781250e+02
2.794969482421875000e+02 2.804000549316406250e+02 2.799465332031250000e+02 2.806568908691406250e+02
2.789560546875000000e+02 2.796545410156250000e+02 2.792532958984375000e+02 2.801332092285156250e+02
2.768294372558593750e+02 2.772930908203125000e+02 2.769603576660156250e+02 2.773978271484375000e+02
2.765558776855468750e+02 2.773668518066406250e+02 2.774546813964843750e+02 2.782284545898437500e+02
2.758801574707031250e+02 2.760975036621093750e+02 2.761380004882812500e+02 2.765665893554687500e+02
2.805033874511718750e+02 2.802865905761718750e+02 2.806586303710937500e+02 2.806754150390625000e+02
2.772001342773437500e+02 2.780598449707031250e+02 2.778309936523437500e+02 2.788087463378906250e+02
2.801420288085937500e+02 2.810025329589843750e+02 2.810996093750000000e+02 2.815420532226562500e+02
2.821578979492187500e+02 2.821526794433593750e+02 2.822382507324218750e+02 2.822206115722656250e+02
2.803958740234375000e+02 2.808064880371093750e+02 2.808343505859375000e+02 2.809039001464843750e+02
2.861391601562500000e+02 2.856268310546875000e+02 2.856422424316406250e+02 2.853012084960937500e+02
2.880613708496093750e+02 2.873218383789062500e+02 2.876423950195312500e+02 2.870362243652343750e+02
2.892753906250000000e+02 2.883607482910156250e+02 2.887261047363281250e+02 2.877937011718750000e+02
2.880700683593750000e+02 2.874772338867187500e+02 2.880921325683593750e+02 2.875898132324218750e+02
2.857908325195312500e+02 2.857167053222656250e+02 2.856988220214843750e+02 2.855917663574218750e+02
2.830643615722656250e+02 2.834147033691406250e+02 2.835296020507812500e+02 2.837356872558593750e+02
2.787615966796875000e+02 2.793418273925781250e+02 2.793579101562500000e+02 2.798544921875000000e+02
2.743801574707031250e+02 2.750012512207031250e+02 2.744838562011718750e+02 2.752713928222656250e+02
2.738145141601562500e+02 2.745542602539062500e+02 2.745362243652343750e+02 2.753196105957031250e+02
2.733643798828125000e+02 2.744166564941406250e+02 2.741516418457031250e+02 2.752227172851562500e+02
2.716491394042968750e+02 2.722559814453125000e+02 2.721084289550781250e+02 2.725905456542968750e+02
2.740298767089843750e+02 2.746501770019531250e+02 2.749500427246093750e+02 2.757098388671875000e+02
2.752843017578125000e+02 2.756928100585937500e+02 2.759842224121093750e+02 2.763081970214843750e+02
2.817339782714843750e+02 2.820729370117187500e+02 2.826515502929687500e+02 2.826676025390625000e+02
2.812943115234375000e+02 2.815723571777343750e+02 2.820765075683593750e+02 2.823369445800781250e+02
2.781407165527343750e+02 2.787272644042968750e+02 2.791610107421875000e+02 2.794767456054687500e+02
2.710881347656250000e+02 2.716931152343750000e+02 2.717221069335937500e+02 2.720879516601562500e+02
2.743587341308593750e+02 2.747987060546875000e+02 2.754411315917968750e+02 2.757519531250000000e+02
2.785743408203125000e+02 2.791802062988281250e+02 2.797261047363281250e+02 2.798459777832031250e+02
2.837644958496093750e+02 2.834101257324218750e+02 2.836527404785156250e+02 2.832430419921875000e+02
2.775711669921875000e+02 2.780108642578125000e+02 2.784315185546875000e+02 2.786580810546875000e+02
2.708233032226562500e+02 2.724532165527343750e+02 2.725010681152343750e+02 2.735619812011718750e+02
2.680566101074218750e+02 2.702780761718750000e+02 2.714984741210937500e+02 2.725144042968750000e+02
2.766158447265625000e+02 2.779553527832031250e+02 2.789322814941406250e+02 2.791561279296875000e+02
2.744253234863281250e+02 2.754522705078125000e+02 2.757120666503906250e+02 2.764241027832031250e+02
2.656872863769531250e+02 2.665715332031250000e+02 2.669431762695312500e+02 2.674807128906250000e+02
2.618375854492187500e+02 2.634485473632812500e+02 2.632373352050781250e+02 2.647012329101562500e+02
2.663303222656250000e+02 2.685641174316406250e+02 2.677724304199218750e+02 2.693484497070312500e+02
2.699971008300781250e+02 2.718873901367187500e+02 2.711110839843750000e+02 2.728850402832031250e+02
2.728954162597656250e+02 2.742561340332031250e+02 2.740336608886718750e+02 2.750036315917968750e+02
2.761242065429687500e+02 2.764848022460937500e+02 2.772574462890625000e+02 2.770767211914062500e+02
2.794791564941406250e+02 2.793548583984375000e+02 2.796599426269531250e+02 2.796882934570312500e+02
2.815034484863281250e+02 2.815854187011718750e+02 2.822089843750000000e+02 2.819653015136718750e+02
2.793273315429687500e+02 2.796419982910156250e+02 2.803260498046875000e+02 2.801245422363281250e+02
2.760552673339843750e+02 2.763534240722656250e+02 2.766499938964843750e+02 2.766401977539062500e+02
2.739423522949218750e+02 2.741405334472656250e+02 2.745006713867187500e+02 2.744869384765625000e+02
2.767177429199218750e+02 2.766420593261718750e+02 2.772253417968750000e+02 2.768250122070312500e+02
2.770290222167968750e+02 2.769954528808593750e+02 2.777565612792968750e+02 2.772950744628906250e+02
2.726339721679687500e+02 2.727498168945312500e+02 2.732305908203125000e+02 2.731530456542968750e+02
2.707034301757812500e+02 2.712931213378906250e+02 2.710541992187500000e+02 2.717890930175781250e+02
2.709959106445312500e+02 2.721434631347656250e+02 2.716976623535156250e+02 2.729256286621093750e+02
2.703272094726562500e+02 2.707641296386718750e+02 2.710122375488281250e+02 2.716188659667968750e+02
2.665591125488281250e+02 2.669458312988281250e+02 2.671715087890625000e+02 2.675247802734375000e+02
2.686900939941406250e+02 2.698260192871093750e+02 2.694439697265625000e+02 2.706673889160156250e+02
2.662566833496093750e+02 2.671449279785156250e+02 2.666915588378906250e+02 2.681409912109375000e+02
2.701313476562500000e+02 2.712155151367187500e+02 2.712749023437500000e+02 2.722551269531250000e+02
2.741986694335937500e+02 2.744808654785156250e+02 2.746202392578125000e+02 2.750809631347656250e+02
2.693190917968750000e+02 2.699217834472656250e+02 2.696011352539062500e+02 2.702455749511718750e+02
2.678517761230468750e+02 2.683372497558593750e+02 2.683688964843750000e+02 2.687084655761718750e+02
2.740328979492187500e+02 2.742936401367187500e+02 2.749033813476562500e+02 2.748997497558593750e+02
2.788641967773437500e+02 2.790086059570312500e+02 2.793675231933593750e+02 2.795936279296875000e+02
2.687812194824218750e+02 2.690227050781250000e+02 2.691372070312500000e+02 2.694235839843750000e+02
2.729470520019531250e+02 2.738934326171875000e+02 2.742149963378906250e+02 2.747135925292968750e+02
2.788801879882812500e+02 2.792046508789062500e+02 2.797304382324218750e+02 2.802449951171875000e+02
2.744434204101562500e+02 2.745769348144531250e+02 2.751668701171875000e+02 2.753760681152343750e+02
2.715825195312500000e+02 2.728898925781250000e+02 2.727115173339843750e+02 2.741885681152343750e+02
2.738788452148437500e+02 2.747352905273437500e+02 2.748033752441406250e+02 2.757706604003906250e+02
2.760927124023437500e+02 2.760941772460937500e+02 2.766357727050781250e+02 2.767640686035156250e+02
2.747011413574218750e+02 2.746472473144531250e+02 2.750253601074218750e+02 2.752429504394531250e+02
2.704432678222656250e+02 2.707377624511718750e+02 2.709061889648437500e+02 2.711803588867187500e+02
2.699322814941406250e+02 2.705082702636718750e+02 2.710085449218750000e+02 2.713670043945312500e+02
2.727410278320312500e+02 2.731253662109375000e+02 2.738217163085937500e+02 2.740282592773437500e+02
2.673183593750000000e+02 2.678480834960937500e+02 2.683639221191406250e+02 2.688429260253906250e+02
2.658538208007812500e+02 2.664062194824218750e+02 2.668017578125000000e+02 2.671893615722656250e+02
2.687428283691406250e+02 2.690373840332031250e+02 2.694729003906250000e+02 2.696960754394531250e+02
2.704035034179687500e+02 2.704809265136718750e+02 2.708606872558593750e+02 2.708870849609375000e+02
2.706818542480468750e+02 2.709982299804687500e+02 2.709228820800781250e+02 2.711121826171875000e+02
2.697670288085937500e+02 2.701494445800781250e+02 2.702064514160156250e+02 2.704340209960937500e+02
2.655617065429687500e+02 2.660021057128906250e+02 2.665735168457031250e+02 2.667618103027343750e+02
2.625663146972656250e+02 2.630168151855468750e+02 2.633788146972656250e+02 2.637765502929687500e+02
2.628911132812500000e+02 2.633636779785156250e+02 2.637550964355468750e+02 2.643474426269531250e+02
2.645380859375000000e+02 2.647426452636718750e+02 2.652750244140625000e+02 2.655610046386718750e+02
2.643527526855468750e+02 2.644576721191406250e+02 2.650485534667968750e+02 2.650373840332031250e+02
2.654074096679687500e+02 2.655624084472656250e+02 2.659845581054687500e+02 2.659709472656250000e+02
2.660673217773437500e+02 2.665654296875000000e+02 2.667797241210937500e+02 2.673672485351562500e+02
2.659901733398437500e+02 2.668773498535156250e+02 2.666682434082031250e+02 2.678375549316406250e+02
2.707648315429687500e+02 2.717984313964843750e+02 2.719912719726562500e+02 2.730187072753906250e+02
2.706218261718750000e+02 2.707512207031250000e+02 2.711302185058593750e+02 2.713589477539062500e+02
2.697619628906250000e+02 2.697176208496093750e+02 2.700614624023437500e+02 2.698438720703125000e+02
2.692757873535156250e+02 2.696977539062500000e+02 2.699183044433593750e+02 2.703285217285156250e+02
2.685600280761718750e+02 2.687587280273437500e+02 2.688378906250000000e+02 2.687896118164062500e+02
2.712081909179687500e+02 2.713507385253906250e+02 2.718434143066406250e+02 2.717232666015625000e+02
2.707672729492187500e+02 2.708878173828125000e+02 2.709231872558593750e+02 2.708744812011718750e+02
2.719205627441406250e+02 2.719179077148437500e+02 2.717771606445312500e+02 2.716549682617187500e+02
2.722225952148437500e+02 2.720718688964843750e+02 2.724270629882812500e+02 2.722084350585937500e+02
2.705686035156250000e+02 2.714004211425781250e+02 2.716726684570312500e+02 2.720547790527343750e+02
2.658876647949218750e+02 2.664731445312500000e+02 2.668502197265625000e+02 2.674713745117187500e+02
2.654866333007812500e+02 2.659805297851562500e+02 2.662496643066406250e+02 2.667788696289062500e+02
2.713548583984375000e+02 2.718696289062500000e+02 2.722680358886718750e+02 2.729422912597656250e+02
2.735138244628906250e+02 2.738019409179687500e+02 2.748034057617187500e+02 2.749562072753906250e+02
2.759221801757812500e+02 2.756043395996093750e+02 2.764635925292968750e+02 2.761209106445312500e+02
2.718120727539062500e+02 2.721644592285156250e+02 2.729443054199218750e+02 2.731299743652343750e+02
2.746846313476562500e+02 2.751288757324218750e+02 2.759579467773437500e+02 2.760471801757812500e+02
2.747560119628906250e+02 2.747803039550781250e+02 2.752052307128906250e+02 2.751749877929687500e+02
2.746990356445312500e+02 2.743352661132812500e+02 2.751013488769531250e+02 2.745875244140625000e+02
2.707242126464843750e+02 2.710559997558593750e+02 2.716023254394531250e+02 2.717640686035156250e+02
2.646745605468750000e+02 2.649035034179687500e+02 2.654723205566406250e+02 2.653795166015625000e+02
2.687247619628906250e+02 2.691651306152343750e+02 2.694971923828125000e+02 2.696618347167968750e+02
2.639924926757812500e+02 2.646641845703125000e+02 2.649402770996093750e+02 2.652586059570312500e+02
2.624943847656250000e+02 2.630477294921875000e+02 2.629628601074218750e+02 2.634783935546875000e+02
2.651031494140625000e+02 2.654915161132812500e+02 2.661112365722656250e+02 2.666831665039062500e+02
2.668013305664062500e+02 2.676445922851562500e+02 2.674824218750000000e+02 2.688710937500000000e+02
2.727306518554687500e+02 2.727248840332031250e+02 2.724879150390625000e+02 2.723812255859375000e+02
2.752947692871093750e+02 2.753834533691406250e+02 2.755126953125000000e+02 2.757103576660156250e+02
2.770772094726562500e+02 2.772037963867187500e+02 2.773534240722656250e+02 2.777306213378906250e+02
2.754528198242187500e+02 2.753288574218750000e+02 2.752576904296875000e+02 2.750398864746093750e+02
2.773904724121093750e+02 2.777665100097656250e+02 2.780145568847656250e+02 2.783111572265625000e+02
2.772980957031250000e+02 2.777501831054687500e+02 2.793959655761718750e+02 2.794841613769531250e+02
2.746145324707031250e+02 2.747992248535156250e+02 2.742177124023437500e+02 2.750566711425781250e+02
2.766265869140625000e+02 2.770496215820312500e+02 2.770128173828125000e+02 2.776856689453125000e+02
2.699895324707031250e+02 2.703371276855468750e+02 2.706561584472656250e+02 2.712922973632812500e+02
2.687624511718750000e+02 2.692334594726562500e+02 2.694895629882812500e+02 2.703442687988281250e+02
2.747863769531250000e+02 2.753619384765625000e+02 2.748275146484375000e+02 2.755282592773437500e+02
2.739952392578125000e+02 2.741761474609375000e+02 2.743571166992187500e+02 2.747445373535156250e+02
2.712028198242187500e+02 2.715034484863281250e+02 2.722447509765625000e+02 2.727224731445312500e+02
2.773889465332031250e+02 2.773483276367187500e+02 2.779913940429687500e+02 2.779976806640625000e+02
2.819287719726562500e+02 2.817679138183593750e+02 2.818706054687500000e+02 2.821166992187500000e+02
2.762359924316406250e+02 2.760719604492187500e+02 2.766261596679687500e+02 2.766969299316406250e+02
2.786996459960937500e+02 2.782666931152343750e+02 2.784516906738281250e+02 2.784542846679687500e+02
2.790876159667968750e+02 2.790382080078125000e+02 2.799682312011718750e+02 2.798106384277343750e+02
2.768609619140625000e+02 2.767879638671875000e+02 2.771448059082031250e+02 2.772116699218750000e+02
2.796717834472656250e+02 2.789133300781250000e+02 2.794893493652343750e+02 2.790802612304687500e+02
2.786162414550781250e+02 2.776867980957031250e+02 2.786566467285156250e+02 2.779554138183593750e+02
2.765278625488281250e+02 2.764148864746093750e+02 2.764153442382812500e+02 2.767060852050781250e+02
2.774708862304687500e+02 2.770339660644531250e+02 2.774984436035156250e+02 2.773239440917968750e+02
2.778341979980468750e+02 2.772140808105468750e+02 2.778457336425781250e+02 2.774811706542968750e+02
2.777017211914062500e+02 2.771386718750000000e+02 2.772061157226562500e+02 2.769790344238281250e+02
2.796770324707031250e+02 2.790218811035156250e+02 2.792233581542968750e+02 2.789656372070312500e+02
2.785518188476562500e+02 2.782584228515625000e+02 2.788650817871093750e+02 2.788773193359375000e+02
2.768761596679687500e+02 2.769844055175781250e+02 2.774129943847656250e+02 2.775282897949218750e+02
2.778015136718750000e+02 2.778720703125000000e+02 2.780624084472656250e+02 2.780705566406250000e+02
2.785750732421875000e+02 2.786537780761718750e+02 2.780158081054687500e+02 2.781365051269531250e+02
2.803823852539062500e+02 2.799790954589843750e+02 2.804448852539062500e+02 2.800341796875000000e+02
2.798479309082031250e+02 2.800739440917968750e+02 2.801509399414062500e+02 2.803574523925781250e+02
2.801058044433593750e+02 2.800948486328125000e+02 2.807605895996093750e+02 2.804884643554687500e+02
2.816563110351562500e+02 2.811253967285156250e+02 2.818081665039062500e+02 2.813165283203125000e+02
2.801408081054687500e+02 2.798251037597656250e+02 2.800290222167968750e+02 2.797821350097656250e+02
2.800684814453125000e+02 2.801374816894531250e+02 2.801087646484375000e+02 2.803981933593750000e+02
2.828547058105468750e+02 2.822577819824218750e+02 2.824223632812500000e+02 2.822460937500000000e+02
2.844348754882812500e+02 2.839247436523437500e+02 2.840543212890625000e+02 2.840625305175781250e+02
2.857164916992187500e+02 2.851657714843750000e+02 2.854542236328125000e+02 2.847672119140625000e+02
2.838498535156250000e+02 2.835646057128906250e+02 2.834511718750000000e+02 2.834431762695312500e+02
2.868271789550781250e+02 2.864514465332031250e+02 2.867616577148437500e+02 2.864139404296875000e+02
2.817443542480468750e+02 2.818041687011718750e+02 2.820634765625000000e+02 2.823113098144531250e+02
2.862552185058593750e+02 2.856563415527343750e+02 2.855351562500000000e+02 2.851719055175781250e+02
2.826065063476562500e+02 2.827005310058593750e+02 2.821815490722656250e+02 2.823346557617187500e+02
2.781047363281250000e+02 2.784451904296875000e+02 2.781288757324218750e+02 2.784589843750000000e+02
2.804729003906250000e+02 2.805712280273437500e+02 2.805553894042968750e+02 2.808686828613281250e+02
2.828178710937500000e+02 2.825355529785156250e+02 2.829447937011718750e+02 2.828326110839843750e+02
2.855840148925781250e+02 2.848482360839843750e+02 2.849417114257812500e+02 2.844602966308593750e+02
2.877198791503906250e+02 2.866599121093750000e+02 2.872424621582031250e+02 2.864147644042968750e+02
2.802116088867187500e+02 2.799411010742187500e+02 2.806357727050781250e+02 2.799953308105468750e+02
2.807373962402343750e+02 2.805546264648437500e+02 2.803942871093750000e+02 2.802742004394531250e+02
2.836346130371093750e+02 2.827864990234375000e+02 2.836891784667968750e+02 2.829422912597656250e+02
2.827819824218750000e+02 2.818521423339843750e+02 2.831207885742187500e+02 2.823994750976562500e+02
2.834216613769531250e+02 2.826297607421875000e+02 2.836915588378906250e+02 2.830087585449218750e+02
2.841913757324218750e+02 2.832674255371093750e+02 2.839353332519531250e+02 2.836204528808593750e+02
2.805211791992187500e+02 2.806846313476562500e+02 2.808085327148437500e+02 2.809506225585937500e+02
2.810275573730468750e+02 2.817362976074218750e+02 2.823238220214843750e+02 2.827651672363281250e+02
2.834059753417968750e+02 2.827002563476562500e+02 2.837820129394531250e+02 2.831730346679687500e+02
2.841901550292968750e+02 2.830851440429687500e+02 2.840313415527343750e+02 2.830779724121093750e+02
2.842442016601562500e+02 2.829465332031250000e+02 2.839176330566406250e+02 2.828609008789062500e+02
2.857689514160156250e+02 2.845657958984375000e+02 2.852264404296875000e+02 2.843789978027343750e+02
2.892339172363281250e+02 2.883742370605468750e+02 2.894859924316406250e+02 2.888945312500000000e+02
2.866034545898437500e+02 2.857810058593750000e+02 2.867742004394531250e+02 2.864594421386718750e+02
2.856759948730468750e+02 2.847454528808593750e+02 2.862719421386718750e+02 2.853942260742187500e+02
2.832566528320312500e+02 2.829211120605468750e+02 2.842462463378906250e+02 2.837287292480468750e+02
2.815698547363281250e+02 2.816470642089843750e+02 2.823162841796875000e+02 2.823610229492187500e+02
2.842932434082031250e+02 2.844107971191406250e+02 2.843452453613281250e+02 2.848861389160156250e+02
2.849628601074218750e+02 2.852281188964843750e+02 2.851621093750000000e+02 2.859061889648437500e+02
2.862145385742187500e+02 2.862996215820312500e+02 2.858391723632812500e+02 2.864702453613281250e+02
2.893415832519531250e+02 2.885811157226562500e+02 2.880037841796875000e+02 2.879428405761718750e+02
2.917947998046875000e+02 2.907535705566406250e+02 2.907115783691406250e+02 2.900456848144531250e+02
2.904197387695312500e+02 2.894318542480468750e+02 2.910242919921875000e+02 2.904713439941406250e+02
2.870625915527343750e+02 2.870945434570312500e+02 2.875930786132812500e+02 2.879092407226562500e+02
2.881991271972656250e+02 2.879526977539062500e+02 2.880597229003906250e+02 2.883944396972656250e+02
2.889249877929687500e+02 2.880146789550781250e+02 2.889415588378906250e+02 2.886658630371093750e+02
2.870402832031250000e+02 2.866678771972656250e+02 2.866024169921875000e+02 2.868866882324218750e+02
2.913213806152343750e+02 2.908598632812500000e+02 2.910920104980468750e+02 2.909817199707031250e+02
2.901642761230468750e+02 2.887352905273437500e+02 2.905334167480468750e+02 2.893473205566406250e+02
2.840106506347656250e+02 2.837046813964843750e+02 2.844190979003906250e+02 2.843034362792968750e+02
2.917074584960937500e+02 2.907736206054687500e+02 2.914121398925781250e+02 2.911150817871093750e+02
2.940933837890625000e+02 2.921120300292968750e+02 2.949630432128906250e+02 2.935361022949218750e+02
2.894334106445312500e+02 2.876842346191406250e+02 2.902621154785156250e+02 2.886653747558593750e+02
2.899919738769531250e+02 2.884091491699218750e+02 2.901145935058593750e+02 2.887030639648437500e+02
2.874599609375000000e+02 2.870347900390625000e+02 2.877572631835937500e+02 2.876764526367187500e+02
2.888541870117187500e+02 2.886362609863281250e+02 2.890770568847656250e+02 2.893530883789062500e+02
2.881927795410156250e+02 2.876328735351562500e+02 2.883051452636718750e+02 2.882149658203125000e+02
2.887246093750000000e+02 2.881469726562500000e+02 2.884356384277343750e+02 2.884014892578125000e+02
2.895218505859375000e+02 2.891363220214843750e+02 2.885713500976562500e+02 2.890859985351562500e+02
2.910777587890625000e+02 2.902823791503906250e+02 2.898545227050781250e+02 2.899305725097656250e+02
2.947116088867187500e+02 2.940786132812500000e+02 2.944329528808593750e+02 2.936765136718750000e+02
2.921340942382812500e+02 2.917560424804687500e+02 2.930818176269531250e+02 2.926974487304687500e+02
2.885026245117187500e+02 2.879455871582031250e+02 2.910967102050781250e+02 2.898255920410156250e+02
2.891398315429687500e+02 2.884742431640625000e+02 2.903705749511718750e+02 2.892415466308593750e+02
2.893417053222656250e+02 2.888863525390625000e+02 2.894737243652343750e+02 2.891246337890625000e+02
2.894344787597656250e+02 2.892699584960937500e+02 2.894231262207031250e+02 2.898842163085937500e+02
2.887365112304687500e+02 2.890704956054687500e+02 2.888254699707031250e+02 2.894118041992187500e+02
2.890078125000000000e+02 2.892327880859375000e+02 2.894841918945312500e+02 2.896671447753906250e+02
2.853200378417968750e+02 2.862544555664062500e+02 2.852276611328125000e+02 2.862731323242187500e+02
2.862552490234375000e+02 2.869851989746093750e+02 2.864741821289062500e+02 2.871513977050781250e+02
2.860032958984375000e+02 2.867970886230468750e+02 2.863661193847656250e+02 2.870088806152343750e+02
2.868922729492187500e+02 2.872677612304687500e+02 2.871121520996093750e+02 2.874558105468750000e+02
2.893569030761718750e+02 2.890589904785156250e+02 2.889653625488281250e+02 2.889364624023437500e+02
2.898551025390625000e+02 2.888911743164062500e+02 2.890858459472656250e+02 2.885631713867187500e+02
2.931187438964843750e+02 2.918328247070312500e+02 2.927006835937500000e+02 2.913216857910156250e+02
2.920420227050781250e+02 2.916020507812500000e+02 2.919542236328125000e+02 2.915382690429687500e+02
2.900826721191406250e+02 2.898533325195312500e+02 2.901172485351562500e+02 2.903141784667968750e+02
2.910675659179687500e+02 2.908291625976562500e+02 2.903777465820312500e+02 2.905515136718750000e+02
2.911730346679687500e+02 2.906356811523437500e+02 2.901597900390625000e+02 2.898841247558593750e+02
2.884141845703125000e+02 2.886780090332031250e+02 2.883383789062500000e+02 2.886386413574218750e+02
2.905161132812500000e+02 2.907630920410156250e+02 2.909783020019531250e+02 2.912628479003906250e+02
2.930055541992187500e+02 2.926683959960937500e+02 2.930534057617187500e+02 2.931752624511718750e+02
2.947664489746093750e+02 2.939603576660156250e+02 2.945092773437500000e+02 2.942197265625000000e+02
2.976699523925781250e+02 2.967280883789062500e+02 2.969080810546875000e+02 2.959782104492187500e+02
3.001336669921875000e+02 2.989141235351562500e+02 2.989729003906250000e+02 2.978748168945312500e+02
2.985399169921875000e+02 2.973485717773437500e+02 2.965900268554687500e+02 2.957387084960937500e+02
2.984037170410156250e+02 2.972974548339843750e+02 2.976034240722656250e+02 2.962610168457031250e+02
2.940988769531250000e+02 2.935899658203125000e+02 2.942054138183593750e+02 2.935408935546875000e+02
2.915584716796875000e+02 2.916643981933593750e+02 2.899586791992187500e+02 2.906234741210937500e+02
2.912180480957031250e+02 2.911656188964843750e+02 2.916523742675781250e+02 2.916584472656250000e+02
2.909869384765625000e+02 2.908113403320312500e+02 2.916629638671875000e+02 2.915315246582031250e+02
2.930064697265625000e+02 2.930003662109375000e+02 2.927702941894531250e+02 2.927773132324218750e+02
2.945953369140625000e+02 2.942456359863281250e+02 2.941424255371093750e+02 2.943861389160156250e+02
2.968895568847656250e+02 2.964100341796875000e+02 2.967105712890625000e+02 2.967140197753906250e+02
2.965323181152343750e+02 2.961298522949218750e+02 2.960059204101562500e+02 2.960897827148437500e+02
2.947856445312500000e+02 2.946778564453125000e+02 2.945953063964843750e+02 2.947369384765625000e+02
2.929560546875000000e+02 2.931130676269531250e+02 2.931882324218750000e+02 2.937030944824218750e+02
2.918699035644531250e+02 2.922510681152343750e+02 2.919123229980468750e+02 2.926969909667968750e+02
2.945044555664062500e+02 2.943674011230468750e+02 2.945437316894531250e+02 2.946231689453125000e+02
2.940987548828125000e+02 2.938518676757812500e+02 2.946931152343750000e+02 2.948368530273437500e+02
2.959612121582031250e+02 2.954621582031250000e+02 2.954175415039062500e+02 2.951791381835937500e+02
2.948458557128906250e+02 2.947177734375000000e+02 2.954317626953125000e+02 2.949237976074218750e+02
2.940964050292968750e+02 2.940086975097656250e+02 2.943329467773437500e+02 2.946470947265625000e+02
2.964130859375000000e+02 2.960566406250000000e+02 2.961543579101562500e+02 2.965099487304687500e+02
2.977979125976562500e+02 2.972997131347656250e+02 2.968853454589843750e+02 2.964670410156250000e+02
2.999191284179687500e+02 2.989441528320312500e+02 2.987638854980468750e+02 2.977015686035156250e+02
2.998681030273437500e+02 2.992962646484375000e+02 2.989135742187500000e+02 2.984236755371093750e+02
2.978093566894531250e+02 2.971910400390625000e+02 2.976212768554687500e+02 2.975066528320312500e+02
2.965900268554687500e+02 2.966327819824218750e+02 2.960065002441406250e+02 2.966254882812500000e+02
2.998640136718750000e+02 2.994823913574218750e+02 2.994236145019531250e+02 2.992208251953125000e+02
3.026284179687500000e+02 3.020099182128906250e+02 3.020755615234375000e+02 3.014487609863281250e+02
3.017615356445312500e+02 3.014616394042968750e+02 3.013635559082031250e+02 3.009844970703125000e+02
2.980749511718750000e+02 2.984030456542968750e+02 2.980303344726562500e+02 2.984657592773437500e+02
2.962454528808593750e+02 2.961838684082031250e+02 2.963857727050781250e+02 2.967066345214843750e+02
2.972304687500000000e+02 2.970267944335937500e+02 2.973098449707031250e+02 2.978819274902343750e+02
2.983702697753906250e+02 2.983605041503906250e+02 2.980938110351562500e+02 2.988078918457031250e+02
2.988550109863281250e+02 2.987629089355468750e+02 2.984782104492187500e+02 2.987088012695312500e+02
2.971403503417968750e+02 2.968133544921875000e+02 2.964640502929687500e+02 2.964916076660156250e+02
2.952088623046875000e+02 2.955321044921875000e+02 2.952853393554687500e+02 2.960122070312500000e+02
2.970281372070312500e+02 2.969442138671875000e+02 2.968386535644531250e+02 2.971659545898437500e+02
2.971158142089843750e+02 2.974025878906250000e+02 2.973490600585937500e+02 2.979753723144531250e+02
2.968984375000000000e+02 2.969421997070312500e+02 2.970783386230468750e+02 2.972110595703125000e+02
2.985572814941406250e+02 2.979892578125000000e+02 2.989023742675781250e+02 2.983155517578125000e+02
2.990112915039062500e+02 2.990151062011718750e+02 2.993070983886718750e+02 2.990103454589843750e+02
2.996267700195312500e+02 2.991352844238281250e+02 3.002252197265625000e+02 2.998589782714843750e+02
2.989502563476562500e+02 2.986305236816406250e+02 2.994525146484375000e+02 2.995637207031250000e+02
2.993503112792968750e+02 2.990947265625000000e+02 2.994811706542968750e+02 2.995139465332031250e+02
2.994582824707031250e+02 2.992953796386718750e+02 3.000579528808593750e+02 3.002364196777343750e+02
2.998507690429687500e+02 2.998593750000000000e+02 3.002337646484375000e+02 3.004273376464843750e+02
3.016158447265625000e+02 3.013566589355468750e+02 3.019714660644531250e+02 3.016638183593750000e+02
2.962857971191406250e+02 2.962964477539062500e+02 2.971010131835937500e+02 2.969596557617187500e+02
2.931097412109375000e+02 2.936275634765625000e+02 2.945716552734375000e+02 2.946725769042968750e+02
2.949266662597656250e+02 2.955012512207031250e+02 2.963553466796875000e+02 2.966307983398437500e+02
2.955879211425781250e+02 2.954225769042968750e+02 2.961802368164062500e+02 2.960018920898437500e+02
2.946603393554687500e+02 2.946408996582031250e+02 2.952496948242187500e+02 2.954683837890625000e+02
2.965584411621093750e+02 2.965563354492187500e+02 2.967209777832031250e+02 2.968636169433593750e+02
2.931350708007812500e+02 2.935325927734375000e+02 2.935719909667968750e+02 2.939093017578125000e+02
2.926950683593750000e+02 2.925486145019531250e+02 2.929165344238281250e+02 2.925534057617187500e+02
2.928137512207031250e+02 2.927811584472656250e+02 2.931567993164062500e+02 2.933513488769531250e+02
2.921853332519531250e+02 2.925072937011718750e+02 2.925430603027343750e+02 2.927742004394531250e+02
2.913308715820312500e+02 2.914439392089843750e+02 2.918822326660156250e+02 2.916565856933593750e+02
2.904269714355468750e+02 2.910238647460937500e+02 2.911907043457031250e+02 2.917438354492187500e+02
2.911153564453125000e+02 2.914863586425781250e+02 2.920868225097656250e+02 2.922218627929687500e+02
2.921696166992187500e+02 2.919142761230468750e+02 2.923506469726562500e+02 2.919825134277343750e+02
2.950774841308593750e+02 2.943988647460937500e+02 2.951041870117187500e+02 2.945611877441406250e+02
2.960571289062500000e+02 2.952356567382812500e+02 2.962938232421875000e+02 2.958902587890625000e+02
2.961882324218750000e+02 2.954435119628906250e+02 2.958779907226562500e+02 2.955051269531250000e+02
2.979596557617187500e+02 2.975164794921875000e+02 2.978037109375000000e+02 2.974491882324218750e+02
2.951582336425781250e+02 2.947123413085937500e+02 2.958444213867187500e+02 2.949957580566406250e+02
2.923134155273437500e+02 2.924331970214843750e+02 2.926159667968750000e+02 2.925055236816406250e+02
2.942550964355468750e+02 2.942467651367187500e+02 2.938854675292968750e+02 2.939259033203125000e+02
2.978207092285156250e+02 2.974608764648437500e+02 2.975361022949218750e+02 2.970261230468750000e+02
2.982647094726562500e+02 2.976321105957031250e+02 2.979266357421875000e+02 2.972538452148437500e+02
2.997959899902343750e+02 2.988599548339843750e+02 2.989738159179687500e+02 2.980820617675781250e+02
2.967013244628906250e+02 2.964465942382812500e+02 2.967601013183593750e+02 2.966150512695312500e+02
2.931310424804687500e+02 2.930545959472656250e+02 2.939252929687500000e+02 2.940384216308593750e+02
2.931528930664062500e+02 2.932490844726562500e+02 2.932422790527343750e+02 2.933652648925781250e+02
2.958186645507812500e+02 2.955565795898437500e+02 2.958747558593750000e+02 2.957764587402343750e+02
2.941373291015625000e+02 2.938531494140625000e+02 2.945856323242187500e+02 2.943789062500000000e+02
2.909356079101562500e+02 2.913858032226562500e+02 2.917684326171875000e+02 2.922096252441406250e+02
2.889198913574218750e+02 2.897119445800781250e+02 2.895106506347656250e+02 2.903630371093750000e+02
2.927062377929687500e+02 2.928769226074218750e+02 2.935185546875000000e+02 2.935561828613281250e+02
2.902236022949218750e+02 2.906801147460937500e+02 2.904177246093750000e+02 2.907589416503906250e+02
2.917893981933593750e+02 2.914726257324218750e+02 2.921702880859375000e+02 2.916260070800781250e+02
2.895554504394531250e+02 2.898239440917968750e+02 2.903099975585937500e+02 2.902859802246093750e+02
2.938681030273437500e+02 2.936116638183593750e+02 2.938704223632812500e+02 2.934380493164062500e+02
2.905174560546875000e+02 2.906013183593750000e+02 2.913654785156250000e+02 2.913435974121093750e+02
2.870395812988281250e+02 2.876383972167968750e+02 2.875759887695312500e+02 2.879793395996093750e+02
2.899131774902343750e+02 2.903664855957031250e+02 2.904044799804687500e+02 2.907579345703125000e+02
2.933051147460937500e+02 2.929242858886718750e+02 2.937105407714843750e+02 2.933326416015625000e+02
2.873979492187500000e+02 2.878287048339843750e+02 2.885081481933593750e+02 2.886481628417968750e+02
2.886317443847656250e+02 2.889093322753906250e+02 2.892107543945312500e+02 2.891752929687500000e+02
2.951733093261718750e+02 2.945444030761718750e+02 2.951577758789062500e+02 2.946216430664062500e+02
2.975324401855468750e+02 2.965640258789062500e+02 2.973313293457031250e+02 2.961634521484375000e+02
2.967680358886718750e+02 2.961300048828125000e+02 2.973928833007812500e+02 2.965458374023437500e+02
2.864302368164062500e+02 2.867940368652343750e+02 2.877095031738281250e+02 2.878160095214843750e+02
2.838802185058593750e+02 2.846766357421875000e+02 2.846517333984375000e+02 2.852806701660156250e+02
2.888299560546875000e+02 2.897691955566406250e+02 2.901682739257812500e+02 2.909590454101562500e+02
2.845794372558593750e+02 2.852248840332031250e+02 2.852509460449218750e+02 2.858891296386718750e+02
2.852709960937500000e+02 2.859975585937500000e+02 2.860520324707031250e+02 2.866587524414062500e+02
2.837216491699218750e+02 2.843283386230468750e+02 2.850347900390625000e+02 2.853907165527343750e+02
2.865080566406250000e+02 2.869868164062500000e+02 2.871213073730468750e+02 2.871897277832031250e+02
2.884988708496093750e+02 2.879788513183593750e+02 2.889824218750000000e+02 2.880165710449218750e+02
2.889589538574218750e+02 2.883022766113281250e+02 2.891139221191406250e+02 2.883923645019531250e+02
2.878595275878906250e+02 2.878651428222656250e+02 2.887274475097656250e+02 2.889358520507812500e+02
2.879310607910156250e+02 2.881828613281250000e+02 2.883818664550781250e+02 2.887410278320312500e+02
2.853783569335937500e+02 2.857857666015625000e+02 2.859758911132812500e+02 2.865058898925781250e+02
2.842994995117187500e+02 2.846330566406250000e+02 2.845861206054687500e+02 2.850709533691406250e+02
2.828195800781250000e+02 2.835097656250000000e+02 2.833327636718750000e+02 2.838905639648437500e+02
2.841538696289062500e+02 2.848763122558593750e+02 2.846281738281250000e+02 2.850345153808593750e+02
2.872085876464843750e+02 2.872168273925781250e+02 2.882808837890625000e+02 2.878314208984375000e+02
2.801641845703125000e+02 2.808643798828125000e+02 2.807869262695312500e+02 2.811961669921875000e+02
2.847905273437500000e+02 2.852189331054687500e+02 2.855234680175781250e+02 2.855914916992187500e+02
2.858021545410156250e+02 2.861820068359375000e+02 2.862720031738281250e+02 2.866943969726562500e+02
2.811909484863281250e+02 2.816907653808593750e+02 2.814472961425781250e+02 2.819344787597656250e+02
2.793430175781250000e+02 2.796860351562500000e+02 2.795034790039062500e+02 2.798886718750000000e+02
2.785496520996093750e+02 2.792147521972656250e+02 2.788918762207031250e+02 2.794608459472656250e+02
2.842513122558593750e+02 2.844808349609375000e+02 2.850398254394531250e+02 2.848503112792968750e+02
2.879896240234375000e+02 2.874270019531250000e+02 2.888741455078125000e+02 2.879132385253906250e+02
2.905720520019531250e+02 2.900603637695312500e+02 2.907923278808593750e+02 2.900635375976562500e+02
2.885053710937500000e+02 2.881722412109375000e+02 2.885520019531250000e+02 2.881119995117187500e+02
2.837612304687500000e+02 2.841473999023437500e+02 2.843491210937500000e+02 2.845490417480468750e+02
2.810142517089843750e+02 2.814822082519531250e+02 2.815529479980468750e+02 2.819806213378906250e+02
2.813565368652343750e+02 2.817095336914062500e+02 2.822833251953125000e+02 2.826133117675781250e+02
2.782182006835937500e+02 2.785784606933593750e+02 2.786730346679687500e+02 2.790350646972656250e+02
2.767278442382812500e+02 2.775559387207031250e+02 2.770920715332031250e+02 2.781350708007812500e+02
2.797489318847656250e+02 2.808266296386718750e+02 2.806612548828125000e+02 2.813918457031250000e+02
2.833186035156250000e+02 2.834675903320312500e+02 2.831879577636718750e+02 2.834563293457031250e+02
2.808517150878906250e+02 2.808748779296875000e+02 2.808152160644531250e+02 2.809515380859375000e+02
2.790556945800781250e+02 2.798338623046875000e+02 2.804408264160156250e+02 2.809707641601562500e+02
2.778381652832031250e+02 2.781744995117187500e+02 2.781589660644531250e+02 2.784615478515625000e+02
2.764480895996093750e+02 2.771786193847656250e+02 2.766908874511718750e+02 2.773984680175781250e+02
2.779439086914062500e+02 2.786726989746093750e+02 2.784520263671875000e+02 2.791818847656250000e+02
2.805062255859375000e+02 2.806920776367187500e+02 2.808343811035156250e+02 2.810503540039062500e+02
2.770423889160156250e+02 2.773689575195312500e+02 2.772250976562500000e+02 2.776047058105468750e+02
2.740976562500000000e+02 2.748944702148437500e+02 2.744188537597656250e+02 2.752359313964843750e+02
2.821225585937500000e+02 2.824685363769531250e+02 2.830002136230468750e+02 2.830412292480468750e+02
2.836046142578125000e+02 2.836016845703125000e+02 2.837199096679687500e+02 2.837217407226562500e+02
2.761354064941406250e+02 2.766743164062500000e+02 2.764447326660156250e+02 2.768968200683593750e+02
2.818329772949218750e+02 2.816783752441406250e+02 2.822765502929687500e+02 2.823064880371093750e+02
2.846650695800781250e+02 2.847875366210937500e+02 2.854857177734375000e+02 2.853474426269531250e+02
2.751973876953125000e+02 2.759855346679687500e+02 2.764245605468750000e+02 2.767922363281250000e+02
2.793783569335937500e+02 2.800771179199218750e+02 2.802208862304687500e+02 2.806698913574218750e+02
2.747126159667968750e+02 2.749449768066406250e+02 2.747897338867187500e+02 2.751313781738281250e+02
2.761913757324218750e+02 2.762982482910156250e+02 2.765036010742187500e+02 2.766384887695312500e+02
2.772669982910156250e+02 2.772656250000000000e+02 2.773500061035156250e+02 2.773371582031250000e+02
2.825038452148437500e+02 2.822091064453125000e+02 2.828626098632812500e+02 2.825298461914062500e+02
2.773843994140625000e+02 2.773392944335937500e+02 2.782478332519531250e+02 2.778231201171875000e+02
2.738313293457031250e+02 2.743139953613281250e+02 2.745191955566406250e+02 2.748345031738281250e+02
2.723654174804687500e+02 2.726785278320312500e+02 2.724891357421875000e+02 2.729674987792968750e+02
2.738230285644531250e+02 2.748291931152343750e+02 2.743363647460937500e+02 2.756496276855468750e+02
2.723021545410156250e+02 2.728998718261718750e+02 2.729768676757812500e+02 2.735720214843750000e+02
2.726346435546875000e+02 2.736651916503906250e+02 2.736954040527343750e+02 2.741566772460937500e+02
2.744531250000000000e+02 2.757553710937500000e+02 2.757345886230468750e+02 2.765500793457031250e+02
2.767196044921875000e+02 2.772591857910156250e+02 2.772259826660156250e+02 2.775761413574218750e+02
2.749022216796875000e+02 2.761140136718750000e+02 2.759068603515625000e+02 2.764893188476562500e+02
2.786119079589843750e+02 2.792041015625000000e+02 2.795345764160156250e+02 2.800104675292968750e+02
2.818052978515625000e+02 2.819086303710937500e+02 2.825599365234375000e+02 2.824578247070312500e+02
2.769046630859375000e+02 2.769953918457031250e+02 2.770299072265625000e+02 2.772441101074218750e+02
2.742189941406250000e+02 2.744405212402343750e+02 2.743661804199218750e+02 2.746588439941406250e+02
2.767191772460937500e+02 2.775576171875000000e+02 2.770835571289062500e+02 2.777458496093750000e+02
2.792247924804687500e+02 2.791929016113281250e+02 2.790261840820312500e+02 2.791218261718750000e+02
2.763430786132812500e+02 2.763991088867187500e+02 2.762104797363281250e+02 2.763374328613281250e+02
2.799116821289062500e+02 2.797048645019531250e+02 2.805952148437500000e+02 2.802214660644531250e+02
2.786331787109375000e+02 2.787864990234375000e+02 2.793825988769531250e+02 2.790563049316406250e+02
2.772277221679687500e+02 2.775774841308593750e+02 2.775549621582031250e+02 2.778165283203125000e+02
2.692700805664062500e+02 2.693401794433593750e+02 2.698183288574218750e+02 2.700177001953125000e+02
2.692595520019531250e+02 2.692469482421875000e+02 2.702444458007812500e+02 2.699831542968750000e+02
2.703339843750000000e+02 2.706331787109375000e+02 2.710228271484375000e+02 2.711002197265625000e+02
2.725561218261718750e+02 2.731033935546875000e+02 2.730152587890625000e+02 2.735001220703125000e+02
2.778853454589843750e+02 2.776707458496093750e+02 2.786800842285156250e+02 2.780288391113281250e+02
2.815140380859375000e+02 2.811154479980468750e+02 2.819623107910156250e+02 2.813136901855468750e+02
2.744541320800781250e+02 2.748366088867187500e+02 2.752973327636718750e+02 2.754508666992187500e+02
2.699204101562500000e+02 2.702980041503906250e+02 2.709747314453125000e+02 2.711126708984375000e+02
2.669515075683593750e+02 2.676155700683593750e+02 2.680772094726562500e+02 2.681668701171875000e+02
2.752994079589843750e+02 2.754196166992187500e+02 2.764414672851562500e+02 2.763796386718750000e+02
2.703606567382812500e+02 2.707666320800781250e+02 2.712826538085937500e+02 2.713774108886718750e+02
2.646209411621093750e+02 2.650686340332031250e+02 2.661523742675781250e+02 2.660802307128906250e+02
2.704144897460937500e+02 2.719641113281250000e+02 2.717186279296875000e+02 2.723157653808593750e+02
2.679941101074218750e+02 2.691359863281250000e+02 2.696122131347656250e+02 2.706217956542968750e+02
2.640530090332031250e+02 2.662308044433593750e+02 2.675502014160156250e+02 2.686668090820312500e+02
2.726085510253906250e+02 2.730666809082031250e+02 2.736360778808593750e+02 2.740969848632812500e+02
2.604363098144531250e+02 2.618579711914062500e+02 2.622762145996093750e+02 2.627919921875000000e+02
2.624714355468750000e+02 2.632982788085937500e+02 2.635860900878906250e+02 2.636709899902343750e+02
2.639884338378906250e+02 2.653912353515625000e+02 2.656156005859375000e+02 2.660117187500000000e+02
2.697090759277343750e+02 2.711684875488281250e+02 2.718099670410156250e+02 2.724379577636718750e+02
2.714764709472656250e+02 2.721681518554687500e+02 2.722699279785156250e+02 2.728101196289062500e+02
2.601201477050781250e+02 2.611355590820312500e+02 2.616995239257812500e+02 2.623731689453125000e+02
2.562909545898437500e+02 2.573747863769531250e+02 2.574950866699218750e+02 2.582278747558593750e+02
2.655924682617187500e+02 2.669664001464843750e+02 2.675169677734375000e+02 2.687040405273437500e+02
2.688338928222656250e+02 2.713526000976562500e+02 2.708873291015625000e+02 2.724711608886718750e+02
2.740838012695312500e+02 2.747251586914062500e+02 2.751909790039062500e+02 2.753655700683593750e+02
2.752697753906250000e+02 2.757263793945312500e+02 2.762698669433593750e+02 2.765432128906250000e+02
2.638091735839843750e+02 2.643032226562500000e+02 2.649131164550781250e+02 2.651355895996093750e+02
