1.812602075412869662e-01 1.846445261766202772e-01 1.325903014963260018e-01 1.643090508902678437e-01
1.450675256285816506e+00 6.846710087615065499e-01 1.082818912516348098e+00 4.529989519072696869e-01
1.631991695065051484e+00 1.558395201453007806e+00 1.778349331609904826e+00 1.796082367289811410e+00
0.000000000000000000e+00 0.000000000000000000e+00 0.000000000000000000e+00 0.000000000000000000e+00
0.000000000000000000e+00 0.000000000000000000e+00 0.000000000000000000e+00 0.000000000000000000e+00
3.177663390948437527e-01 1.302030849731527218e-01 4.755148602691479098e-01 4.536249699234031207e-01
6.695597545509227588e-01 2.962230183023493724e-01 4.030621229067910538e-01 2.438981436649337586e-01
2.052472656659781958e+00 2.211707048697397315e+00 2.427656980119645702e+00 2.102564789805561496e+00
8.212737506307894730e-02 0.000000000000000000e+00 7.416318668215536591e-02 5.617354647978209381e-02
0.000000000000000000e+00 0.000000000000000000e+00 0.000000000000000000e+00 0.000000000000000000e+00
0.000000000000000000e+00 0.000000000000000000e+00 0.000000000000000000e+00 0.000000000000000000e+00
0.000000000000000000e+00 0.000000000000000000e+00 0.000000000000000000e+00 0.000000000000000000e+00
6.367263545128517555e-01 4.269143894081935398e-01 4.824225906548090803e-01 3.377213501622900460e-01
7.909085975177586603e-01 1.138279742904938718e+00 7.239040285712108336e-01 1.071279133904725400e+00
0.000000000000000000e+00 0.000000000000000000e+00 0.000000000000000000e+00 0.000000000000000000e+00
0.000000000000000000e+00 0.000000000000000000e+00 0.000000000000000000e+00 0.000000000000000000e+00
6.081912782234140114e-01 1.951137580464128440e-01 6.414554709233344365e-01 4.635719096213579693e-01
4.161661545694805842e-01 1.995378100911621155e-01 2.881641562669537970e-01 4.416420238176361202e-01
0.000000000000000000e+00 0.000000000000000000e+00 0.000000000000000000e+00 5.286541968688834858e-02
0.000000000000000000e+00 0.000000000000000000e+00 1.081168911158602100e-02 0.000000000000000000e+00
3.797193332009017652e+00 2.410947590567171783e+00 3.499741567108780149e+00 2.936285951122641791e+00
3.156750109992572523e-02 0.000000000000000000e+00 2.714293240592815029e-02 1.069990261090424631e-02
0.000000000000000000e+00 0.000000000000000000e+00 0.000000000000000000e+00 0.000000000000000000e+00
0.000000000000000000e+00 0.000000000000000000e+00 1.194857423564099110e-02 0.000000000000000000e+00
2.368577550770714968e+00 1.901970342284068582e+00 2.188608879726380074e+00 1.921414866769686425e+00
2.100446367014665305e-01 1.528188334819860772e-01 1.579347624003421546e-01 1.035217585614882502e-01
4.783693442723598033e-02 8.498925921600312960e-02 9.718253570572415317e-03 7.931145722471411030e-02
9.433871726109646638e-02 0.000000000000000000e+00 1.494265578294871333e-01 1.182977661903714811e-01
0.000000000000000000e+00 0.000000000000000000e+00 0.000000000000000000e+00 0.000000000000000000e+00
9.550082538707647950e-02 0.000000000000000000e+00 0.000000000000000000e+00 8.043822282965994164e-02
3.895631360965781109e-01 1.756415758106159020e-01 1.114858665060019238e-01 2.585502173483837374e-01
0.000000000000000000e+00 0.000000000000000000e+00 0.000000000000000000e+00 8.215753252938157516e-03
0.000000000000000000e+00 0.000000000000000000e+00 0.000000000000000000e+00 0.000000000000000000e+00
0.000000000000000000e+00 0.000000000000000000e+00 0.000000000000000000e+00 0.000000000000000000e+00
0.000000000000000000e+00 0.000000000000000000e+00 0.000000000000000000e+00 0.000000000000000000e+00
6.159803565399488839e-02 2.172583719401154773e-02 0.000000000000000000e+00 0.000000000000000000e+00
0.000000000000000000e+00 0.000000000000000000e+00 0.000000000000000000e+00 0.000000000000000000e+00
5.502784738142509069e-02 2.202301260415697598e-02 1.186689492850564465e-01 9.520034589670832437e-02
6.795922290896997398e-01 3.319708398438524499e-01 1.108030702843330939e+00 1.204522022182122010e+00
0.000000000000000000e+00 0.000000000000000000e+00 0.000000000000000000e+00 0.000000000000000000e+00
0.000000000000000000e+00 0.000000000000000000e+00 0.000000000000000000e+00 0.000000000000000000e+00
0.000000000000000000e+00 0.000000000000000000e+00 0.000000000000000000e+00 0.000000000000000000e+00
0.000000000000000000e+00 0.000000000000000000e+00 0.000000000000000000e+00 0.000000000000000000e+00
0.000000000000000000e+00 0.000000000000000000e+00 1.615928958561562573e-02 6.888248532493890589e-03
0.000000000000000000e+00 0.000000000000000000e+00 0.000000000000000000e+00 0.000000000000000000e+00
1.585135425878979668e-02 6.174841384261526601e-03 3.537525865301723027e-02 2.896982580391340920e-02
5.368039520474849474e-02 2.491593128962267881e-02 1.163945417330833204e-01 1.195573632451705642e-01
0.000000000000000000e+00 0.000000000000000000e+00 0.000000000000000000e+00 0.000000000000000000e+00
0.000000000000000000e+00 0.000000000000000000e+00 0.000000000000000000e+00 0.000000000000000000e+00
3.447553100247751495e-02 2.679918431444093876e-02 1.943199249295285147e-01 1.670608547225128915e-01
0.000000000000000000e+00 0.000000000000000000e+00 0.000000000000000000e+00 0.000000000000000000e+00
1.000898339463165143e-01 6.915195503243012909e-02 1.256300275727408045e-01 1.046087885799352191e-01
3.566453350616939372e-03 2.042351139015227343e-02 7.670641116921616230e-03 2.771554064587690089e-02
0.000000000000000000e+00 0.000000000000000000e+00 0.000000000000000000e+00 0.000000000000000000e+00
7.229617098416202259e-01 7.035954932947643403e-01 3.757943036933429903e-01 4.299144447511062395e-01
1.016817100980319077e+00 1.070458336028270452e+00 1.449421933270991003e+00 1.378809259221889238e+00
1.656553460201248607e+00 1.888641360919922629e+00 2.039677080066874648e+00 2.361993150003254716e+00
7.930320939898957699e-02 1.007251083370065414e-01 5.434903833072167456e-02 1.620557795518543787e-01
0.000000000000000000e+00 0.000000000000000000e+00 0.000000000000000000e+00 0.000000000000000000e+00
0.000000000000000000e+00 0.000000000000000000e+00 0.000000000000000000e+00 0.000000000000000000e+00
6.596878310863395212e-02 4.359915763931349053e-02 8.196293829154456534e-02 8.086099041276612054e-02
1.582524007558277004e-03 5.567493896352971629e-03 0.000000000000000000e+00 0.000000000000000000e+00
2.140100596725460526e-03 0.000000000000000000e+00 0.000000000000000000e+00 0.000000000000000000e+00
6.972015783208189432e-02 3.647153267118847381e-02 5.169196693340200044e-02 1.097210715633264132e-02
4.329481596378609853e-01 3.006363042430020838e-01 3.956771199891809809e-01 2.293054196771699971e-01
4.449875349788927070e-01 3.564563760131131964e-01 4.326233450397849456e-01 2.705476915072649868e-01
4.179253112291917566e-02 1.122919259571936029e-01 2.216123484032869045e-02 1.340636737790191491e-01
0.000000000000000000e+00 0.000000000000000000e+00 0.000000000000000000e+00 0.000000000000000000e+00
1.572138294205069620e-01 9.617258078337181937e-02 5.456057990138651892e-02 2.332911891928233714e-02
6.385283280923031990e-01 5.806105490005575298e-01 4.703190146838315266e-01 3.536457051036414057e-01
0.000000000000000000e+00 0.000000000000000000e+00 0.000000000000000000e+00 0.000000000000000000e+00
0.000000000000000000e+00 0.000000000000000000e+00 0.000000000000000000e+00 0.000000000000000000e+00
1.335814884386491153e-01 1.233737491500796896e-01 1.573789344329852846e-01 1.511092256507836351e-01
1.121350146305485386e-02 1.321600069214764681e-02 4.105101570326951353e-03 1.077769854098005464e-02
0.000000000000000000e+00 0.000000000000000000e+00 0.000000000000000000e+00 0.000000000000000000e+00
0.000000000000000000e+00 0.000000000000000000e+00 0.000000000000000000e+00 0.000000000000000000e+00
0.000000000000000000e+00 5.632832237442926375e-03 0.000000000000000000e+00 3.691316568612820065e-02
5.240262725557841110e-03 6.587603528743784902e-03 2.551213988161180144e-03 3.331957626185612885e-03
2.955688282070696379e-03 1.268275060631276693e-02 1.156379738768009702e-02 2.170754409817163971e-02
2.633440417569363548e-02 9.063824022287736426e-02 3.009280780388508270e-02 1.161155758886598111e-01
0.000000000000000000e+00 0.000000000000000000e+00 0.000000000000000000e+00 0.000000000000000000e+00
0.000000000000000000e+00 0.000000000000000000e+00 0.000000000000000000e+00 0.000000000000000000e+00
0.000000000000000000e+00 0.000000000000000000e+00 0.000000000000000000e+00 0.000000000000000000e+00
9.331671946132555906e-01 1.163616073544137208e+00 1.187505043798126270e+00 1.247565648850053721e+00
3.698607665115560307e-03 0.000000000000000000e+00 6.996734046661004167e-03 1.389441065450955706e-02
0.000000000000000000e+00 0.000000000000000000e+00 0.000000000000000000e+00 0.000000000000000000e+00
0.000000000000000000e+00 0.000000000000000000e+00 0.000000000000000000e+00 0.000000000000000000e+00
2.119619475850413430e-03 0.000000000000000000e+00 1.891670811130097794e-03 0.000000000000000000e+00
1.472755644799908781e-01 1.355659165454562720e-01 1.123820518607972219e-01 9.622723423020215772e-02
2.529242164050811079e-02 2.356790523009840571e-02 0.000000000000000000e+00 0.000000000000000000e+00
2.324884492903948052e-01 2.694856091507245033e-01 2.033687735485145975e-01 3.152727361384313753e-01
4.489546587159857216e-01 3.559698718562722686e-01 3.647550375487190188e-01 4.196095259045251047e-01
2.368365446145180853e-01 2.193292506253347041e-01 3.055668086742516776e-01 2.165843148250132799e-01
0.000000000000000000e+00 0.000000000000000000e+00 0.000000000000000000e+00 0.000000000000000000e+00
5.959850901430473469e-01 4.782161871604621584e-01 3.084339335686527295e-01 3.235272937717382224e-01
0.000000000000000000e+00 0.000000000000000000e+00 0.000000000000000000e+00 0.000000000000000000e+00
0.000000000000000000e+00 0.000000000000000000e+00 0.000000000000000000e+00 0.000000000000000000e+00
0.000000000000000000e+00 0.000000000000000000e+00 0.000000000000000000e+00 0.000000000000000000e+00
1.572848807576112451e+00 9.700188511954621617e-01 1.403728508513421014e+00 1.392494932752102788e+00
3.210519313181284806e-01 1.408031930692959788e-01 0.000000000000000000e+00 0.000000000000000000e+00
0.000000000000000000e+00 0.000000000000000000e+00 0.000000000000000000e+00 0.000000000000000000e+00
0.000000000000000000e+00 0.000000000000000000e+00 0.000000000000000000e+00 0.000000000000000000e+00
0.000000000000000000e+00 0.000000000000000000e+00 0.000000000000000000e+00 0.000000000000000000e+00
4.378761148536577941e-01 2.847659530697856378e-01 4.277754797386005836e-01 3.855861867426429446e-01
1.303479695096612101e-01 0.000000000000000000e+00 2.826179296800401253e-01 2.382416078229434853e-01
0.000000000000000000e+00 0.000000000000000000e+00 0.000000000000000000e+00 0.000000000000000000e+00
0.000000000000000000e+00 0.000000000000000000e+00 0.000000000000000000e+00 2.174304316083435218e-01
0.000000000000000000e+00 0.000000000000000000e+00 0.000000000000000000e+00 0.000000000000000000e+00
0.000000000000000000e+00 1.225963621853152358e-01 1.928996654270449806e-01 0.000000000000000000e+00
0.000000000000000000e+00 0.000000000000000000e+00 0.000000000000000000e+00 0.000000000000000000e+00
0.000000000000000000e+00 0.000000000000000000e+00 0.000000000000000000e+00 0.000000000000000000e+00
0.000000000000000000e+00 0.000000000000000000e+00 0.000000000000000000e+00 0.000000000000000000e+00
0.000000000000000000e+00 0.000000000000000000e+00 0.000000000000000000e+00 0.000000000000000000e+00
0.000000000000000000e+00 0.000000000000000000e+00 0.000000000000000000e+00 0.000000000000000000e+00
0.000000000000000000e+00 0.000000000000000000e+00 0.000000000000000000e+00 0.000000000000000000e+00
0.000000000000000000e+00 0.000000000000000000e+00 0.000000000000000000e+00 0.000000000000000000e+00
1.146270221617072815e+00 1.081842389750294453e+00 1.663072323856875423e+00 1.617407410712912830e+00
2.211871089474298224e-01 2.385575372914318093e-01 3.468218760809395618e-01 3.691672840034589398e-01
5.053035565693863029e-01 4.006104458821937442e-01 4.865288570062257789e-01 3.594444277686998368e-01
0.000000000000000000e+00 0.000000000000000000e+00 0.000000000000000000e+00 0.000000000000000000e+00
3.497419575232925404e-03 0.000000000000000000e+00 1.410153441004513390e-02 0.000000000000000000e+00
0.000000000000000000e+00 0.000000000000000000e+00 0.000000000000000000e+00 0.000000000000000000e+00
0.000000000000000000e+00 0.000000000000000000e+00 0.000000000000000000e+00 0.000000000000000000e+00
2.031811339664273131e-01 2.665638122472446803e-01 2.726902452211361627e-01 3.476873966013081518e-01
2.841384083087177947e-03 0.000000000000000000e+00 1.527856194321066188e-02 0.000000000000000000e+00
0.000000000000000000e+00 0.000000000000000000e+00 0.000000000000000000e+00 0.000000000000000000e+00
0.000000000000000000e+00 0.000000000000000000e+00 0.000000000000000000e+00 0.000000000000000000e+00
0.000000000000000000e+00 0.000000000000000000e+00 0.000000000000000000e+00 0.000000000000000000e+00
0.000000000000000000e+00 0.000000000000000000e+00 0.000000000000000000e+00 0.000000000000000000e+00
0.000000000000000000e+00 0.000000000000000000e+00 0.000000000000000000e+00 0.000000000000000000e+00
0.000000000000000000e+00 0.000000000000000000e+00 0.000000000000000000e+00 0.000000000000000000e+00
0.000000000000000000e+00 0.000000000000000000e+00 0.000000000000000000e+00 0.000000000000000000e+00
1.699023265895666657e-01 1.879340659714071327e-01 3.365733122206293060e-01 3.078199686391744905e-01
5.875373861272820131e-01 6.281951451287605126e-01 9.780929837739095190e-01 7.768106935741380115e-01
4.005131797003559924e-01 6.235039947037585017e-01 7.229393856441602706e-01 9.775027537727729587e-01
3.269694276235532437e-02 1.619977044638944985e-01 5.524230941251153520e-02 2.640426134148147197e-01
0.000000000000000000e+00 0.000000000000000000e+00 0.000000000000000000e+00 0.000000000000000000e+00
2.246631776831054667e-02 0.000000000000000000e+00 4.039063587156124790e-02 0.000000000000000000e+00
4.979296074707236300e-03 0.000000000000000000e+00 2.341604631545124091e-03 0.000000000000000000e+00
0.000000000000000000e+00 0.000000000000000000e+00 1.441646770453371661e-02 0.000000000000000000e+00
4.832595995615702328e-02 9.283782335137949482e-02 3.846493871882557952e-02 7.514022300374927077e-02
0.000000000000000000e+00 0.000000000000000000e+00 8.924456804757938122e-03 0.000000000000000000e+00
4.379581352421083040e-01 3.804911217915359911e-01 4.325915664704516606e-01 3.767059080891776990e-01
1.308265884233638765e+00 1.354741299393587006e+00 1.549314747512340551e+00 1.736067400619387691e+00
1.264649748324416567e+00 1.323302097461186433e+00 1.872958983449265480e+00 1.580883934683166459e+00
6.609258711832809163e-02 9.751591832831037199e-02 1.396821260746219234e-02 9.888881934760139492e-02
6.211269410116074946e-03 0.000000000000000000e+00 4.220304684862639932e-03 0.000000000000000000e+00
1.164719339342555060e-01 0.000000000000000000e+00 9.534040424862177954e-02 0.000000000000000000e+00
8.163778957299655525e-02 7.827321498258971166e-02 7.455128617258742485e-02 5.894149946817197477e-02
4.456549839335494090e-01 4.833722352851182458e-01 5.179500411828048545e-01 5.593258869526908095e-01
0.000000000000000000e+00 0.000000000000000000e+00 2.033694827810904847e-03 0.000000000000000000e+00
0.000000000000000000e+00 0.000000000000000000e+00 0.000000000000000000e+00 0.000000000000000000e+00
0.000000000000000000e+00 0.000000000000000000e+00 0.000000000000000000e+00 0.000000000000000000e+00
1.146366349314339589e-01 9.069091988395666659e-02 1.164982057032175472e-01 6.645654331095283973e-02
8.992321003804681911e-02 2.162217074891086832e-01 5.256386234862729934e-01 7.681636062604375592e-01
4.931121626010281055e-03 3.654357585110119822e-02 4.571733293356373962e-02 9.589837306196569156e-02
0.000000000000000000e+00 0.000000000000000000e+00 0.000000000000000000e+00 0.000000000000000000e+00
0.000000000000000000e+00 0.000000000000000000e+00 0.000000000000000000e+00 0.000000000000000000e+00
9.816446317978261282e-03 0.000000000000000000e+00 0.000000000000000000e+00 0.000000000000000000e+00
3.801219929190120111e-02 8.468669301953923520e-03 1.753919321313151397e-02 0.000000000000000000e+00
0.000000000000000000e+00 0.000000000000000000e+00 0.000000000000000000e+00 0.000000000000000000e+00
0.000000000000000000e+00 0.000000000000000000e+00 7.847533930587815426e-03 2.986121281748637876e-03
5.212844273698283987e-02 3.598335791198770117e-02 4.818541589207598480e-02 3.947810645701247539e-02
0.000000000000000000e+00 0.000000000000000000e+00 0.000000000000000000e+00 0.000000000000000000e+00
0.000000000000000000e+00 0.000000000000000000e+00 0.000000000000000000e+00 0.000000000000000000e+00
0.000000000000000000e+00 0.000000000000000000e+00 0.000000000000000000e+00 0.000000000000000000e+00
0.000000000000000000e+00 0.000000000000000000e+00 0.000000000000000000e+00 0.000000000000000000e+00
0.000000000000000000e+00 0.000000000000000000e+00 0.000000000000000000e+00 0.000000000000000000e+00
8.195173288090155106e-01 4.622711662491783557e-01 5.803615178754553128e-01 2.925951134681236132e-01
1.835084299481241077e-01 1.134962198864668675e-01 4.127655011555179942e-02 4.512349566881312252e-02
0.000000000000000000e+00 0.000000000000000000e+00 0.000000000000000000e+00 0.000000000000000000e+00
0.000000000000000000e+00 0.000000000000000000e+00 0.000000000000000000e+00 0.000000000000000000e+00
0.000000000000000000e+00 0.000000000000000000e+00 0.000000000000000000e+00 0.000000000000000000e+00
2.527294984189211446e-02 7.884177665237802890e-02 1.846313841047231286e-02 7.492366343858884725e-02
0.000000000000000000e+00 0.000000000000000000e+00 0.000000000000000000e+00 0.000000000000000000e+00
0.000000000000000000e+00 0.000000000000000000e+00 0.000000000000000000e+00 0.000000000000000000e+00
0.000000000000000000e+00 0.000000000000000000e+00 0.000000000000000000e+00 0.000000000000000000e+00
0.000000000000000000e+00 0.000000000000000000e+00 0.000000000000000000e+00 0.000000000000000000e+00
0.000000000000000000e+00 0.000000000000000000e+00 0.000000000000000000e+00 0.000000000000000000e+00
0.000000000000000000e+00 0.000000000000000000e+00 0.000000000000000000e+00 0.000000000000000000e+00
0.000000000000000000e+00 0.000000000000000000e+00 2.116681613320906680e-03 0.000000000000000000e+00
1.521811732236296066e+00 1.202037848847918200e+00 1.005043487537652380e+00 1.429588938049972224e+00
4.119386891105678017e-01 3.427447895840741721e-01 1.877352147912606795e-01 1.674212964627659062e-01
0.000000000000000000e+00 0.000000000000000000e+00 0.000000000000000000e+00 0.000000000000000000e+00
0.000000000000000000e+00 0.000000000000000000e+00 0.000000000000000000e+00 0.000000000000000000e+00
0.000000000000000000e+00 0.000000000000000000e+00 0.000000000000000000e+00 0.000000000000000000e+00
0.000000000000000000e+00 0.000000000000000000e+00 0.000000000000000000e+00 0.000000000000000000e+00
0.000000000000000000e+00 0.000000000000000000e+00 0.000000000000000000e+00 0.000000000000000000e+00
0.000000000000000000e+00 0.000000000000000000e+00 0.000000000000000000e+00 0.000000000000000000e+00
0.000000000000000000e+00 0.000000000000000000e+00 0.000000000000000000e+00 0.000000000000000000e+00
0.000000000000000000e+00 0.000000000000000000e+00 0.000000000000000000e+00 0.000000000000000000e+00
0.000000000000000000e+00 0.000000000000000000e+00 0.000000000000000000e+00 0.000000000000000000e+00
0.000000000000000000e+00 0.000000000000000000e+00 0.000000000000000000e+00 0.000000000000000000e+00
0.000000000000000000e+00 0.000000000000000000e+00 0.000000000000000000e+00 0.000000000000000000e+00
0.000000000000000000e+00 0.000000000000000000e+00 0.000000000000000000e+00 0.000000000000000000e+00
0.000000000000000000e+00 0.000000000000000000e+00 0.000000000000000000e+00 1.296273459006333784e-01
0.000000000000000000e+00 0.000000000000000000e+00 0.000000000000000000e+00 0.000000000000000000e+00
0.000000000000000000e+00 0.000000000000000000e+00 0.000000000000000000e+00 0.000000000000000000e+00
5.628611785420216673e-01 0.000000000000000000e+00 0.000000000000000000e+00 0.000000000000000000e+00
0.000000000000000000e+00 0.000000000000000000e+00 0.000000000000000000e+00 0.000000000000000000e+00
0.000000000000000000e+00 0.000000000000000000e+00 0.000000000000000000e+00 0.000000000000000000e+00
0.000000000000000000e+00 0.000000000000000000e+00 0.000000000000000000e+00 0.000000000000000000e+00
0.000000000000000000e+00 0.000000000000000000e+00 0.000000000000000000e+00 0.000000000000000000e+00
0.000000000000000000e+00 0.000000000000000000e+00 0.000000000000000000e+00 0.000000000000000000e+00
0.000000000000000000e+00 0.000000000000000000e+00 2.023647415302693986e-01 0.000000000000000000e+00
0.000000000000000000e+00 1.407581858042394884e-01 0.000000000000000000e+00 0.000000000000000000e+00
4.072487761687953456e-01 1.851561388681875753e-01 2.365255155796185393e-01 2.025856199119007439e-01
5.175184070323594065e-01 6.016506843622774214e-01 6.444548827749677633e-01 6.496293941494077906e-01
3.693415463918354735e-01 1.678045821434352713e-01 2.123729861474130398e-01 1.836160909890895698e-01
0.000000000000000000e+00 0.000000000000000000e+00 0.000000000000000000e+00 0.000000000000000000e+00
0.000000000000000000e+00 0.000000000000000000e+00 0.000000000000000000e+00 0.000000000000000000e+00
0.000000000000000000e+00 0.000000000000000000e+00 0.000000000000000000e+00 0.000000000000000000e+00
2.403965363691095425e-01 1.054264061244903211e-01 0.000000000000000000e+00 0.000000000000000000e+00
0.000000000000000000e+00 0.000000000000000000e+00 0.000000000000000000e+00 0.000000000000000000e+00
7.196480267490260596e-01 4.463381241755560169e-01 9.497267991956324096e-01 4.044226367189548976e-01
1.313434802183881533e+00 1.402436576021835357e+00 1.625755373580381358e+00 1.295223899980075810e+00
0.000000000000000000e+00 0.000000000000000000e+00 0.000000000000000000e+00 0.000000000000000000e+00
2.191185072313528714e-01 1.609526993759209379e-01 8.068388181296177741e-01 6.868752138898708282e-01
0.000000000000000000e+00 0.000000000000000000e+00 0.000000000000000000e+00 1.341388756348751432e-01
1.488289276786381454e-01 1.725127108383458230e-01 2.066820853961398863e-01 1.815607055939035541e-01
0.000000000000000000e+00 0.000000000000000000e+00 0.000000000000000000e+00 0.000000000000000000e+00
2.251247310843318972e-01 9.941315955418394967e-02 0.000000000000000000e+00 7.209484483755659867e-02
0.000000000000000000e+00 0.000000000000000000e+00 0.000000000000000000e+00 0.000000000000000000e+00
1.921081241291016539e+00 1.644561554716900131e+00 1.995867005785927351e+00 1.475635986015200629e+00
8.564157127579674622e-01 6.674899401012808209e-01 7.538350354428403621e-01 6.241774330772459356e-01
0.000000000000000000e+00 0.000000000000000000e+00 0.000000000000000000e+00 0.000000000000000000e+00
0.000000000000000000e+00 0.000000000000000000e+00 0.000000000000000000e+00 0.000000000000000000e+00
0.000000000000000000e+00 0.000000000000000000e+00 0.000000000000000000e+00 0.000000000000000000e+00
0.000000000000000000e+00 0.000000000000000000e+00 0.000000000000000000e+00 0.000000000000000000e+00
1.677060413538711270e-01 0.000000000000000000e+00 2.593987843485083822e-01 7.025112476135837725e-02
8.880805326327682048e-01 6.956523359413259167e-01 6.540935901501216954e-01 3.507783079629298584e-01
0.000000000000000000e+00 0.000000000000000000e+00 0.000000000000000000e+00 0.000000000000000000e+00
0.000000000000000000e+00 1.034915454084402997e-01 1.634259086087113400e-01 0.000000000000000000e+00
0.000000000000000000e+00 0.000000000000000000e+00 0.000000000000000000e+00 0.000000000000000000e+00
0.000000000000000000e+00 0.000000000000000000e+00 0.000000000000000000e+00 0.000000000000000000e+00
0.000000000000000000e+00 0.000000000000000000e+00 0.000000000000000000e+00 0.000000000000000000e+00
0.000000000000000000e+00 0.000000000000000000e+00 9.995986108272336690e-02 0.000000000000000000e+00
0.000000000000000000e+00 0.000000000000000000e+00 0.000000000000000000e+00 0.000000000000000000e+00
1.363017488233745078e-01 0.000000000000000000e+00 0.000000000000000000e+00 0.000000000000000000e+00
0.000000000000000000e+00 2.158149962509051112e-01 5.384826599224470378e-01 6.711228443677537125e-01
3.145637819962576187e-01 1.736934802114265264e-01 3.238376545656938554e-01 1.975957534101326074e-01
0.000000000000000000e+00 0.000000000000000000e+00 0.000000000000000000e+00 0.000000000000000000e+00
0.000000000000000000e+00 0.000000000000000000e+00 0.000000000000000000e+00 0.000000000000000000e+00
0.000000000000000000e+00 0.000000000000000000e+00 2.074135779750576995e-03 0.000000000000000000e+00
0.000000000000000000e+00 0.000000000000000000e+00 2.395941553368175023e-03 0.000000000000000000e+00
9.273850913479692037e-02 1.300000510996906222e-01 1.753068242222070861e-01 1.305323421360226332e-01
0.000000000000000000e+00 0.000000000000000000e+00 4.300334658881184262e-03 0.000000000000000000e+00
0.000000000000000000e+00 0.000000000000000000e+00 3.334950479376130178e-02 0.000000000000000000e+00
3.842944027490448611e-01 3.311517496942542604e-01 4.621541003356687827e-01 3.443775002073962699e-01
0.000000000000000000e+00 0.000000000000000000e+00 2.728567919015768145e-02 1.055830838761758067e-01
0.000000000000000000e+00 0.000000000000000000e+00 2.768091586511582311e-02 0.000000000000000000e+00
0.000000000000000000e+00 0.000000000000000000e+00 0.000000000000000000e+00 0.000000000000000000e+00
0.000000000000000000e+00 0.000000000000000000e+00 0.000000000000000000e+00 0.000000000000000000e+00
7.681258258974413278e-02 0.000000000000000000e+00 1.225326116898941241e-02 0.000000000000000000e+00
0.000000000000000000e+00 0.000000000000000000e+00 0.000000000000000000e+00 0.000000000000000000e+00
0.000000000000000000e+00 0.000000000000000000e+00 0.000000000000000000e+00 0.000000000000000000e+00
9.646304903441342560e-02 8.141115070693195899e-02 1.229815659649902970e-01 0.000000000000000000e+00
2.472083370548207593e-01 3.173168356865644912e-01 3.323294377340935135e-01 3.358526267374400409e-01
0.000000000000000000e+00 0.000000000000000000e+00 0.000000000000000000e+00 0.000000000000000000e+00
0.000000000000000000e+00 0.000000000000000000e+00 0.000000000000000000e+00 0.000000000000000000e+00
0.000000000000000000e+00 0.000000000000000000e+00 0.000000000000000000e+00 0.000000000000000000e+00
0.000000000000000000e+00 1.189061871949816246e-01 6.656964927812805688e-02 9.282465652981773674e-02
0.000000000000000000e+00 0.000000000000000000e+00 0.000000000000000000e+00 0.000000000000000000e+00
0.000000000000000000e+00 0.000000000000000000e+00 1.685438082191103790e-02 0.000000000000000000e+00
2.195350688360631519e+00 2.360509358111769096e+00 1.921800169548019799e+00 1.966741600496694664e+00
0.000000000000000000e+00 0.000000000000000000e+00 0.000000000000000000e+00 0.000000000000000000e+00
0.000000000000000000e+00 0.000000000000000000e+00 0.000000000000000000e+00 0.000000000000000000e+00
0.000000000000000000e+00 0.000000000000000000e+00 0.000000000000000000e+00 0.000000000000000000e+00
0.000000000000000000e+00 0.000000000000000000e+00 0.000000000000000000e+00 0.000000000000000000e+00
0.000000000000000000e+00 0.000000000000000000e+00 0.000000000000000000e+00 0.000000000000000000e+00
0.000000000000000000e+00 0.000000000000000000e+00 0.000000000000000000e+00 0.000000000000000000e+00
5.711501382091083157e-01 5.839494767510332585e-01 3.413311877413652828e-01 4.007913411806803272e-01
1.893573696826351960e-01 2.515501954634674076e-01 7.082401638496667040e-01 6.825082345716655396e-01
7.481558289080858515e-01 7.515029735472054107e-01 1.076009388799779254e+00 9.587800285052509031e-01
3.707851943273562934e-01 4.608437540936284327e-01 2.241171474892180437e-01 2.669252563489135643e-01
8.791638224730268236e-01 8.205578047083691429e-01 7.387629352016374940e-01 6.579468159307726438e-01
0.000000000000000000e+00 0.000000000000000000e+00 0.000000000000000000e+00 0.000000000000000000e+00
0.000000000000000000e+00 0.000000000000000000e+00 0.000000000000000000e+00 0.000000000000000000e+00
3.223578968695365310e-01 3.817478107607458204e-01 4.044918862804770532e-01 3.740881360655184951e-01
2.672909078935626903e-01 3.412103846285026720e-01 3.218531769595574521e-01 3.891949848358053909e-01
0.000000000000000000e+00 0.000000000000000000e+00 0.000000000000000000e+00 0.000000000000000000e+00
1.255396541724912995e-01 1.972456570296781397e-01 1.081236121966503566e-01 0.000000000000000000e+00
7.762091777259484404e-01 1.104245390142314154e+00 1.070746026129461903e+00 1.198233627403155088e+00
0.000000000000000000e+00 0.000000000000000000e+00 0.000000000000000000e+00 0.000000000000000000e+00
1.786228090336080820e-01 2.335315239045303581e-01 0.000000000000000000e+00 0.000000000000000000e+00
0.000000000000000000e+00 2.213095950374845688e-01 2.288041647202335438e-01 4.155918633523397188e-01
0.000000000000000000e+00 0.000000000000000000e+00 0.000000000000000000e+00 0.000000000000000000e+00
0.000000000000000000e+00 0.000000000000000000e+00 0.000000000000000000e+00 0.000000000000000000e+00
0.000000000000000000e+00 0.000000000000000000e+00 0.000000000000000000e+00 0.000000000000000000e+00
0.000000000000000000e+00 0.000000000000000000e+00 0.000000000000000000e+00 0.000000000000000000e+00
0.000000000000000000e+00 0.000000000000000000e+00 0.000000000000000000e+00 0.000000000000000000e+00
0.000000000000000000e+00 0.000000000000000000e+00 0.000000000000000000e+00 0.000000000000000000e+00
0.000000000000000000e+00 0.000000000000000000e+00 0.000000000000000000e+00 0.000000000000000000e+00
0.000000000000000000e+00 0.000000000000000000e+00 0.000000000000000000e+00 0.000000000000000000e+00
0.000000000000000000e+00 0.000000000000000000e+00 0.000000000000000000e+00 0.000000000000000000e+00
0.000000000000000000e+00 0.000000000000000000e+00 0.000000000000000000e+00 0.000000000000000000e+00
2.009128148319432594e-01 2.231718093005474746e-01 2.417508627651259456e-01 1.424526715903775831e-01
0.000000000000000000e+00 0.000000000000000000e+00 0.000000000000000000e+00 0.000000000000000000e+00
0.000000000000000000e+00 0.000000000000000000e+00 0.000000000000000000e+00 0.000000000000000000e+00
0.000000000000000000e+00 0.000000000000000000e+00 0.000000000000000000e+00 0.000000000000000000e+00
1.155774934308137769e-01 0.000000000000000000e+00 0.000000000000000000e+00 1.416972747026011559e-01
0.000000000000000000e+00 0.000000000000000000e+00 0.000000000000000000e+00 0.000000000000000000e+00
0.000000000000000000e+00 0.000000000000000000e+00 0.000000000000000000e+00 0.000000000000000000e+00
0.000000000000000000e+00 0.000000000000000000e+00 0.000000000000000000e+00 0.000000000000000000e+00
0.000000000000000000e+00 0.000000000000000000e+00 0.000000000000000000e+00 0.000000000000000000e+00
0.000000000000000000e+00 0.000000000000000000e+00 0.000000000000000000e+00 0.000000000000000000e+00
1.908605430364608946e+00 1.614062642041593998e+00 1.653239183116704369e+00 1.369947493317537068e+00
0.000000000000000000e+00 2.558320428963270499e-03 7.283926060852537014e-03 3.277858881212887543e-02
0.000000000000000000e+00 0.000000000000000000e+00 0.000000000000000000e+00 0.000000000000000000e+00
0.000000000000000000e+00 0.000000000000000000e+00 0.000000000000000000e+00 0.000000000000000000e+00
6.588916343764868178e-02 5.383567460038466562e-02 4.277282821282279296e-02 4.728579961502692164e-02
2.550964364590982154e-03 0.000000000000000000e+00 1.794307177488008208e-03 0.000000000000000000e+00
0.000000000000000000e+00 0.000000000000000000e+00 0.000000000000000000e+00 0.000000000000000000e+00
3.718966770144179756e-01 2.888594238446094420e-01 3.411660084798932013e-01 4.388638739674352585e-01
3.692173525749240515e-01 4.482588466457091414e-01 3.828201394784264688e-01 4.579044839269482137e-01
5.615382594703697272e-01 5.751286467919126677e-01 4.488962990068831038e-01 6.320730710746720327e-01
1.652516047416720535e-01 2.730317410931457078e-01 3.553777856302913762e-01 4.020539453197271018e-01
1.858496492196572980e-01 1.987598043847829121e-01 1.437396046497160795e-01 1.967420261049410424e-01
4.649329679261427276e-03 1.782498996498179875e-02 1.156517099406483007e-02 3.616465229881578314e-02
1.873566818196195595e-03 3.646789601734781467e-03 0.000000000000000000e+00 1.886478988912131246e-03
1.005742653187480795e-01 5.277554127993062255e-02 9.227387749403716255e-02 2.707195655530085857e-02
0.000000000000000000e+00 0.000000000000000000e+00 0.000000000000000000e+00 0.000000000000000000e+00
0.000000000000000000e+00 0.000000000000000000e+00 0.000000000000000000e+00 0.000000000000000000e+00
0.000000000000000000e+00 4.993516690581600512e-03 1.960348616728879549e-03 0.000000000000000000e+00
3.830204725447402050e-03 8.419772472421755208e-03 0.000000000000000000e+00 2.301982545461214551e-03
1.491263505854294701e-02 1.038503737799328572e-02 5.120645663027971993e-03 1.057758126080443617e-02
0.000000000000000000e+00 0.000000000000000000e+00 0.000000000000000000e+00 0.000000000000000000e+00
0.000000000000000000e+00 0.000000000000000000e+00 0.000000000000000000e+00 0.000000000000000000e+00
0.000000000000000000e+00 0.000000000000000000e+00 0.000000000000000000e+00 0.000000000000000000e+00
5.677214186755009662e-01 4.134548535633366662e-01 6.041936134002171555e-01 4.423307574838400424e-01
3.623782530091703147e-01 3.595859711004886772e-01 3.557266569023486702e-01 4.839367256350815549e-01
0.000000000000000000e+00 0.000000000000000000e+00 0.000000000000000000e+00 0.000000000000000000e+00
0.000000000000000000e+00 0.000000000000000000e+00 0.000000000000000000e+00 0.000000000000000000e+00
0.000000000000000000e+00 0.000000000000000000e+00 0.000000000000000000e+00 0.000000000000000000e+00
0.000000000000000000e+00 0.000000000000000000e+00 0.000000000000000000e+00 0.000000000000000000e+00
0.000000000000000000e+00 0.000000000000000000e+00 0.000000000000000000e+00 7.707549827668118241e-03
0.000000000000000000e+00 0.000000000000000000e+00 0.000000000000000000e+00 0.000000000000000000e+00
0.000000000000000000e+00 0.000000000000000000e+00 0.000000000000000000e+00 0.000000000000000000e+00
0.000000000000000000e+00 0.000000000000000000e+00 0.000000000000000000e+00 0.000000000000000000e+00
0.000000000000000000e+00 0.000000000000000000e+00 1.980845012787540299e-03 0.000000000000000000e+00
5.019794786176644541e-01 5.346870513609610631e-01 6.675065718758851352e-01 9.679096847791225366e-01
0.000000000000000000e+00 0.000000000000000000e+00 0.000000000000000000e+00 0.000000000000000000e+00
0.000000000000000000e+00 0.000000000000000000e+00 0.000000000000000000e+00 0.000000000000000000e+00
1.029476529668318235e-02 5.363582569938444081e-03 8.643656391446711412e-03 1.214449799452268185e-02
0.000000000000000000e+00 0.000000000000000000e+00 0.000000000000000000e+00 0.000000000000000000e+00
0.000000000000000000e+00 0.000000000000000000e+00 0.000000000000000000e+00 0.000000000000000000e+00
6.627631996585987562e-01 5.222137649003416593e-01 7.007270071688108670e-01 9.191332438029349294e-01
6.951381987839705401e-02 6.871110163192498121e-02 2.270767185682780187e-02 7.275492457958171455e-02
0.000000000000000000e+00 0.000000000000000000e+00 0.000000000000000000e+00 0.000000000000000000e+00
2.892987327113587595e-03 9.183856492469204963e-03 6.645777615362022037e-03 8.077514001372038815e-03
1.546937566978158485e-01 2.340225325003266466e-01 2.785258201367687425e-01 5.453518303306773563e-01
0.000000000000000000e+00 2.333573558742500862e-03 0.000000000000000000e+00 0.000000000000000000e+00
1.494749650797166408e-02 9.768338384004891795e-03 2.673026887339074315e-02 3.603348835761426006e-02
0.000000000000000000e+00 0.000000000000000000e+00 0.000000000000000000e+00 6.222327869625588273e-03
0.000000000000000000e+00 0.000000000000000000e+00 0.000000000000000000e+00 0.000000000000000000e+00
0.000000000000000000e+00 0.000000000000000000e+00 0.000000000000000000e+00 0.000000000000000000e+00
4.738271852813341276e-03 4.385334288206649798e-03 4.827333520839601974e-03 2.945175862036194560e-03
5.453712340677157461e-02 5.076730399578809755e-02 6.665449731575791292e-02 8.302462465345161746e-02
1.913368849810213046e-01 1.959297297382727454e-01 1.865879317143699367e-01 2.606470831814222122e-01
0.000000000000000000e+00 2.394547644524209519e-03 0.000000000000000000e+00 0.000000000000000000e+00
0.000000000000000000e+00 0.000000000000000000e+00 0.000000000000000000e+00 0.000000000000000000e+00
0.000000000000000000e+00 0.000000000000000000e+00 0.000000000000000000e+00 0.000000000000000000e+00
0.000000000000000000e+00 0.000000000000000000e+00 0.000000000000000000e+00 0.000000000000000000e+00
0.000000000000000000e+00 0.000000000000000000e+00 0.000000000000000000e+00 0.000000000000000000e+00
0.000000000000000000e+00 0.000000000000000000e+00 0.000000000000000000e+00 0.000000000000000000e+00
0.000000000000000000e+00 0.000000000000000000e+00 0.000000000000000000e+00 0.000000000000000000e+00
0.000000000000000000e+00 0.000000000000000000e+00 0.000000000000000000e+00 0.000000000000000000e+00
0.000000000000000000e+00 0.000000000000000000e+00 0.000000000000000000e+00 0.000000000000000000e+00
0.000000000000000000e+00 0.000000000000000000e+00 0.000000000000000000e+00 0.000000000000000000e+00
9.257590383844217785e-02 6.755613997159526374e-02 2.617980168338399638e-01 5.725975480936468243e-01
0.000000000000000000e+00 0.000000000000000000e+00 0.000000000000000000e+00 5.233542418194701840e-03
1.029153469202719919e-02 5.941245542166143957e-03 1.423621744418051248e-02 1.775166289621847929e-02
0.000000000000000000e+00 0.000000000000000000e+00 0.000000000000000000e+00 1.901999155534213250e-03
1.219088814708811815e-02 4.662703779264120926e-03 2.197684829228092190e-02 3.443572116698487978e-02
0.000000000000000000e+00 0.000000000000000000e+00 0.000000000000000000e+00 0.000000000000000000e+00
1.827497135115845744e-02 5.629946581237163690e-03 3.788354434794746761e-02 2.305357007542625097e-02
5.039689061567187434e-01 5.096665759412571939e-01 5.994363813707604960e-01 8.422853372544050199e-01
0.000000000000000000e+00 0.000000000000000000e+00 0.000000000000000000e+00 0.000000000000000000e+00
0.000000000000000000e+00 0.000000000000000000e+00 0.000000000000000000e+00 0.000000000000000000e+00
0.000000000000000000e+00 2.000469911281834573e-02 2.124678423306613703e-02 1.654860583143308861e-01
0.000000000000000000e+00 0.000000000000000000e+00 0.000000000000000000e+00 0.000000000000000000e+00
0.000000000000000000e+00 3.668335344900697410e-03 0.000000000000000000e+00 6.780215473132557465e-03
0.000000000000000000e+00 2.485460510119082925e-03 0.000000000000000000e+00 0.000000000000000000e+00
1.139943192611681394e-01 1.061484528392320631e-01 1.549675993616692893e-01 2.163108805306255822e-01
0.000000000000000000e+00 0.000000000000000000e+00 0.000000000000000000e+00 0.000000000000000000e+00
0.000000000000000000e+00 0.000000000000000000e+00 0.000000000000000000e+00 0.000000000000000000e+00
6.216381298651686010e-02 1.338795517430116898e-02 1.430814925060258300e-02 1.215679161698062817e-02
2.184286845799069954e-01 1.387994478492764749e-01 2.659456646244507394e-01 4.068411739426665008e-01
0.000000000000000000e+00 0.000000000000000000e+00 0.000000000000000000e+00 0.000000000000000000e+00
0.000000000000000000e+00 0.000000000000000000e+00 0.000000000000000000e+00 0.000000000000000000e+00
0.000000000000000000e+00 0.000000000000000000e+00 0.000000000000000000e+00 0.000000000000000000e+00
0.000000000000000000e+00 0.000000000000000000e+00 0.000000000000000000e+00 0.000000000000000000e+00
0.000000000000000000e+00 0.000000000000000000e+00 0.000000000000000000e+00 0.000000000000000000e+00
0.000000000000000000e+00 0.000000000000000000e+00 0.000000000000000000e+00 0.000000000000000000e+00
0.000000000000000000e+00 0.000000000000000000e+00 0.000000000000000000e+00 0.000000000000000000e+00
0.000000000000000000e+00 0.000000000000000000e+00 0.000000000000000000e+00 0.000000000000000000e+00
0.000000000000000000e+00 0.000000000000000000e+00 0.000000000000000000e+00 0.000000000000000000e+00
0.000000000000000000e+00 0.000000000000000000e+00 0.000000000000000000e+00 0.000000000000000000e+00
0.000000000000000000e+00 0.000000000000000000e+00 0.000000000000000000e+00 0.000000000000000000e+00
0.000000000000000000e+00 0.000000000000000000e+00 0.000000000000000000e+00 0.000000000000000000e+00
0.000000000000000000e+00 0.000000000000000000e+00 0.000000000000000000e+00 0.000000000000000000e+00
0.000000000000000000e+00 0.000000000000000000e+00 0.000000000000000000e+00 0.000000000000000000e+00
3.581745472282636955e-01 2.191615221484098652e-01 5.597199511122890048e-01 7.286683390047401510e-01
0.000000000000000000e+00 2.627878974579289390e-03 0.000000000000000000e+00 1.724574572121491747e-02
0.000000000000000000e+00 0.000000000000000000e+00 0.000000000000000000e+00 0.000000000000000000e+00
0.000000000000000000e+00 4.691611387504963926e-03 0.000000000000000000e+00 4.150893399750930218e-02
0.000000000000000000e+00 0.000000000000000000e+00 0.000000000000000000e+00 0.000000000000000000e+00
1.047463843402220013e-01 5.972526565898442913e-02 1.420589044267544510e-01 1.895914025109959877e-01
0.000000000000000000e+00 0.000000000000000000e+00 0.000000000000000000e+00 0.000000000000000000e+00
0.000000000000000000e+00 0.000000000000000000e+00 0.000000000000000000e+00 0.000000000000000000e+00
0.000000000000000000e+00 0.000000000000000000e+00 0.000000000000000000e+00 0.000000000000000000e+00
9.644617595057934922e-01 4.576668871468864697e-01 7.653457084489055928e-01 6.614910668986849762e-01
0.000000000000000000e+00 0.000000000000000000e+00 0.000000000000000000e+00 0.000000000000000000e+00
0.000000000000000000e+00 0.000000000000000000e+00 0.000000000000000000e+00 0.000000000000000000e+00
0.000000000000000000e+00 0.000000000000000000e+00 0.000000000000000000e+00 0.000000000000000000e+00
0.000000000000000000e+00 0.000000000000000000e+00 0.000000000000000000e+00 0.000000000000000000e+00
0.000000000000000000e+00 0.000000000000000000e+00 7.016146291396581358e-03 0.000000000000000000e+00
3.737915113354102203e-01 1.688095917734317719e-01 4.559396080551669228e-01 3.885213732146658439e-01
3.395903953327797375e-02 6.140792110544862625e-02 1.517243074088764875e-02 1.890526332499575801e-02
0.000000000000000000e+00 0.000000000000000000e+00 0.000000000000000000e+00 0.000000000000000000e+00
0.000000000000000000e+00 0.000000000000000000e+00 0.000000000000000000e+00 0.000000000000000000e+00
0.000000000000000000e+00 3.071096354766269035e-03 2.272769433548092050e-02 5.033950604335405560e-02
4.572919421031838849e-02 2.617646109740599109e-02 8.997342092008329961e-02 1.204042720177676551e-01
1.389571465246263078e-02 9.612279373934143681e-03 1.179240385207958909e-02 2.717709931789431821e-02
0.000000000000000000e+00 3.582850003407657240e-03 0.000000000000000000e+00 0.000000000000000000e+00
0.000000000000000000e+00 0.000000000000000000e+00 0.000000000000000000e+00 0.000000000000000000e+00
0.000000000000000000e+00 0.000000000000000000e+00 0.000000000000000000e+00 0.000000000000000000e+00
0.000000000000000000e+00 0.000000000000000000e+00 0.000000000000000000e+00 0.000000000000000000e+00
0.000000000000000000e+00 0.000000000000000000e+00 0.000000000000000000e+00 0.000000000000000000e+00
5.704296507232357177e-02 1.336313590127974869e-02 2.554209780374367550e-02 0.000000000000000000e+00
3.475456490847864122e-02 2.679397760375286722e-02 3.659867788560223351e-02 3.143895134204649500e-02
5.852673840156058516e-02 3.090757604330428981e-02 2.075676253014535275e-02 4.186299419143324312e-03
5.261476250882261008e-01 4.709860181445256200e-01 3.879032998408656896e-01 3.739228330557234914e-01
2.111783693369943815e-01 2.693347104457207153e-01 2.963257541600615164e-01 3.123455685577355423e-01
0.000000000000000000e+00 0.000000000000000000e+00 0.000000000000000000e+00 0.000000000000000000e+00
4.363599504008889296e-01 3.778347650407813951e-01 4.138524816746357859e-01 3.896578530629631332e-01
0.000000000000000000e+00 0.000000000000000000e+00 0.000000000000000000e+00 0.000000000000000000e+00
0.000000000000000000e+00 0.000000000000000000e+00 0.000000000000000000e+00 0.000000000000000000e+00
2.223396414281800570e+00 1.069561210186220856e+00 2.161449983786791762e+00 1.783517061576247231e+00
6.491647532275238337e-03 0.000000000000000000e+00 0.000000000000000000e+00 0.000000000000000000e+00
0.000000000000000000e+00 0.000000000000000000e+00 0.000000000000000000e+00 0.000000000000000000e+00
1.389732183380692869e-02 1.302077843157167097e-02 4.453453408798668800e-02 3.944579576989053898e-02
1.234612268395721912e+00 1.417704248112626519e+00 1.881837381128221853e+00 1.623280704117380235e+00
0.000000000000000000e+00 0.000000000000000000e+00 0.000000000000000000e+00 0.000000000000000000e+00
0.000000000000000000e+00 0.000000000000000000e+00 0.000000000000000000e+00 0.000000000000000000e+00
4.329598909788765493e-01 3.085917374300770621e-01 6.855190312690101484e-01 4.650970829520374994e-01
1.705679960433393871e+00 1.140232590439729465e+00 2.435318288292736000e+00 1.752861335026100420e+00
9.988844747240365265e-03 2.904436560624162889e-02 1.034816269803559390e-02 4.434100408572703989e-02
0.000000000000000000e+00 0.000000000000000000e+00 0.000000000000000000e+00 0.000000000000000000e+00
2.186389082309324328e-01 1.295887859232025263e-01 3.521180073071736860e-01 1.855132889030501331e-01
3.782787616486894128e-02 2.383828912832541488e-02 2.965688577404944348e-02 3.528221847640816006e-02
5.542369506372779760e-03 1.627340410162287504e-02 1.064052816555340585e-02 2.133139250832027933e-02
0.000000000000000000e+00 0.000000000000000000e+00 0.000000000000000000e+00 0.000000000000000000e+00
9.071406700776424303e-02 4.864226685703033903e-02 7.106285807315726455e-02 3.105266167083755441e-02
7.051786303399131262e-01 7.593920281338505385e-01 5.953770898827351887e-01 8.236594821740873540e-01
2.170529342554800966e-03 9.996546533489891403e-03 3.885346823467989569e-02 3.300199784696451755e-02
0.000000000000000000e+00 0.000000000000000000e+00 1.564479665183171261e-03 0.000000000000000000e+00
2.132119719336333236e-02 1.488986227341229131e-02 8.598081430958701490e-03 1.137095960260194397e-02
0.000000000000000000e+00 0.000000000000000000e+00 0.000000000000000000e+00 0.000000000000000000e+00
1.081471243780106395e+00 9.238917133156210326e-01 9.883942891694605937e-01 8.313884559301659705e-01
4.858862505274010035e-02 6.795864995423471500e-02 8.562035710079363149e-02 7.709919608052587248e-02
0.000000000000000000e+00 0.000000000000000000e+00 0.000000000000000000e+00 0.000000000000000000e+00
0.000000000000000000e+00 0.000000000000000000e+00 0.000000000000000000e+00 0.000000000000000000e+00
0.000000000000000000e+00 0.000000000000000000e+00 0.000000000000000000e+00 0.000000000000000000e+00
1.342048242098826602e-02 1.482252152977162063e-02 5.448886156082153286e-03 1.407762159348931175e-02
1.264951397236436792e+00 1.006975743351504304e+00 1.440115168397315015e+00 9.159416260560975243e-01
1.852218298919979141e-03 3.562967128331365717e-03 0.000000000000000000e+00 0.000000000000000000e+00
0.000000000000000000e+00 0.000000000000000000e+00 0.000000000000000000e+00 0.000000000000000000e+00
3.478952690341975684e-02 1.709775355494639465e-02 9.631338162522297408e-03 8.539174908954011087e-03
8.452076044015120748e-02 6.073693294875556759e-02 1.098013177101966054e-01 6.383861041447380646e-02
4.785399622726254631e-01 4.084019372910261403e-01 5.167094394955784598e-01 4.173795316256582733e-01
1.410772461052983984e-01 1.528040331825614162e-01 1.380709043475799314e-01 1.512304371331119890e-01
0.000000000000000000e+00 0.000000000000000000e+00 0.000000000000000000e+00 2.392530546860143891e-03
0.000000000000000000e+00 0.000000000000000000e+00 0.000000000000000000e+00 0.000000000000000000e+00
0.000000000000000000e+00 0.000000000000000000e+00 0.000000000000000000e+00 0.000000000000000000e+00
0.000000000000000000e+00 0.000000000000000000e+00 0.000000000000000000e+00 0.000000000000000000e+00
4.107829834134464099e-03 1.229531316940847378e-02 2.733748951926827549e-03 1.178631620801752489e-02
1.223042186913517182e-02 0.000000000000000000e+00 1.064505426046525975e-02 0.000000000000000000e+00
1.431137351315701356e-01 2.000483709219843254e-01 1.217153854994103418e-01 1.990206658495590197e-01
0.000000000000000000e+00 3.784343983676081036e-03 0.000000000000000000e+00 0.000000000000000000e+00
4.283404650818557063e-02 3.031826177975745218e-02 4.912900304197683615e-02 3.332797567927627685e-02
1.553040586769348086e-01 1.106539931546431099e-01 1.160788473864085985e-01 8.729069340170826641e-02
7.857540219981457019e-02 7.660931359446840339e-02 1.014978547396604008e-01 6.998055524064694666e-02
2.912155176645610521e-01 3.000923066153191043e-01 3.434580006685573617e-01 2.395916525269858599e-01
1.678367022581398693e+00 1.685871318882331327e+00 2.107237328482792105e+00 1.708555673461407576e+00
1.595366937220387554e-02 8.780095878340945029e-03 7.756554163555848258e-03 5.738625452158885656e-03
0.000000000000000000e+00 1.087020969350851497e-02 0.000000000000000000e+00 0.000000000000000000e+00
0.000000000000000000e+00 2.163404996917233855e-02 1.473516913545608971e-03 5.546266805118648530e-02
3.439945053352857964e-03 0.000000000000000000e+00 0.000000000000000000e+00 0.000000000000000000e+00
0.000000000000000000e+00 0.000000000000000000e+00 0.000000000000000000e+00 0.000000000000000000e+00
1.422361677119624891e-02 1.384545272424293240e-02 8.547846572684649272e-03 0.000000000000000000e+00
0.000000000000000000e+00 1.137833190894161836e-02 1.508373722412216121e-03 0.000000000000000000e+00
3.931771316193044541e-02 4.015228422672953434e-02 1.950278519606217856e-02 6.258337548805867345e-02
7.257460966072977193e-01 5.366419778675772800e-01 4.084025560326408621e-01 3.420409586224705256e-01
2.613153117505135140e-02 2.002448646965785881e-02 2.246897681039990852e-02 0.000000000000000000e+00
0.000000000000000000e+00 0.000000000000000000e+00 0.000000000000000000e+00 0.000000000000000000e+00
3.328049035405274830e-02 2.378620500605029692e-02 2.094531166240631154e-02 0.000000000000000000e+00
1.707559796457644719e-01 2.116020093457773588e-01 2.261206080880947544e-01 3.203965354501269736e-01
2.928178851990960729e-01 2.756940130137373046e-01 2.938124009713065088e-01 4.165715540754609258e-01
2.308894229605794046e-01 1.751876174627104987e-01 2.719658967875875910e-01 2.480281696943566483e-01
0.000000000000000000e+00 0.000000000000000000e+00 0.000000000000000000e+00 0.000000000000000000e+00
0.000000000000000000e+00 0.000000000000000000e+00 0.000000000000000000e+00 0.000000000000000000e+00
0.000000000000000000e+00 0.000000000000000000e+00 0.000000000000000000e+00 0.000000000000000000e+00
6.203900042799068842e-02 4.152958759260946126e-02 4.173655975644942340e-02 0.000000000000000000e+00
5.930484852058726282e-03 5.707017810196703123e-03 1.781879326771013475e-02 0.000000000000000000e+00
1.142897358982736603e-02 1.939676846093789375e-02 3.241167194087757331e-02 6.578119302587584483e-02
9.701543679839233492e-02 1.107611839519813679e-01 1.343478618026711091e-01 1.635973000359954299e-01
2.683382611059641903e-03 0.000000000000000000e+00 0.000000000000000000e+00 0.000000000000000000e+00
0.000000000000000000e+00 0.000000000000000000e+00 0.000000000000000000e+00 0.000000000000000000e+00
1.121909798096021489e-02 6.151360139981989356e-03 0.000000000000000000e+00 0.000000000000000000e+00
2.441670889889064819e-02 2.693000794775434956e-02 0.000000000000000000e+00 7.689653963944875770e-02
0.000000000000000000e+00 1.554595944636275864e-03 0.000000000000000000e+00 0.000000000000000000e+00
0.000000000000000000e+00 0.000000000000000000e+00 0.000000000000000000e+00 0.000000000000000000e+00
0.000000000000000000e+00 0.000000000000000000e+00 0.000000000000000000e+00 0.000000000000000000e+00
0.000000000000000000e+00 0.000000000000000000e+00 0.000000000000000000e+00 0.000000000000000000e+00
0.000000000000000000e+00 0.000000000000000000e+00 0.000000000000000000e+00 0.000000000000000000e+00
1.653663534678344316e-02 3.179511757774162312e-02 2.906456751996302351e-02 0.000000000000000000e+00
0.000000000000000000e+00 0.000000000000000000e+00 0.000000000000000000e+00 0.000000000000000000e+00
4.716678219046444021e-01 4.665806768462062437e-01 5.806271807751618441e-01 5.701561421798542195e-01
2.287959725812543366e-01 1.611494963339064335e-01 8.233529699529754109e-02 0.000000000000000000e+00
1.219721508946968319e-01 1.397985918087651935e-01 2.757655395444016944e-01 2.432420548063237431e-01
0.000000000000000000e+00 1.124033736968413077e-01 1.467976113322656817e-01 1.912160447436617727e-01
0.000000000000000000e+00 0.000000000000000000e+00 0.000000000000000000e+00 0.000000000000000000e+00
3.086906370897777308e-01 2.078285517340991706e-01 2.901086384151130848e-01 1.779959866533754598e-01
1.243176766078686463e-01 1.192125261684414128e-01 1.445142196520464717e-01 1.050268351645208958e-01
5.550505185179645251e-02 0.000000000000000000e+00 0.000000000000000000e+00 0.000000000000000000e+00
1.045173261944437465e-01 1.476705815016757795e-01 3.920554025711026069e-01 3.768070599683560618e-01
0.000000000000000000e+00 0.000000000000000000e+00 0.000000000000000000e+00 0.000000000000000000e+00
0.000000000000000000e+00 0.000000000000000000e+00 0.000000000000000000e+00 0.000000000000000000e+00
0.000000000000000000e+00 0.000000000000000000e+00 0.000000000000000000e+00 0.000000000000000000e+00
0.000000000000000000e+00 0.000000000000000000e+00 0.000000000000000000e+00 0.000000000000000000e+00
0.000000000000000000e+00 0.000000000000000000e+00 0.000000000000000000e+00 2.473225320072379163e-01
1.891920542980078668e-01 1.403713485467014965e-01 2.089874547785148251e-01 1.408909182554343720e-01
0.000000000000000000e+00 0.000000000000000000e+00 0.000000000000000000e+00 0.000000000000000000e+00
0.000000000000000000e+00 0.000000000000000000e+00 0.000000000000000000e+00 0.000000000000000000e+00
0.000000000000000000e+00 0.000000000000000000e+00 0.000000000000000000e+00 0.000000000000000000e+00
1.622405357980169494e-01 1.551219011455541585e-01 2.037871295039076491e-01 1.960615835763747095e-01
0.000000000000000000e+00 0.000000000000000000e+00 0.000000000000000000e+00 0.000000000000000000e+00
0.000000000000000000e+00 0.000000000000000000e+00 0.000000000000000000e+00 0.000000000000000000e+00
0.000000000000000000e+00 0.000000000000000000e+00 0.000000000000000000e+00 0.000000000000000000e+00
0.000000000000000000e+00 0.000000000000000000e+00 0.000000000000000000e+00 0.000000000000000000e+00
0.000000000000000000e+00 0.000000000000000000e+00 0.000000000000000000e+00 0.000000000000000000e+00
0.000000000000000000e+00 0.000000000000000000e+00 0.000000000000000000e+00 0.000000000000000000e+00
0.000000000000000000e+00 0.000000000000000000e+00 0.000000000000000000e+00 0.000000000000000000e+00
0.000000000000000000e+00 0.000000000000000000e+00 0.000000000000000000e+00 0.000000000000000000e+00
5.522318410919979659e-02 6.892736420111032769e-02 4.025183480260893787e-01 2.428320271130651464e-01
1.765755910277366780e+00 1.219118681366555546e+00 1.134907254609279326e+00 8.542768467441201885e-01
2.682461706977337657e-01 1.391136695909081233e-01 1.121013906643493208e-01 4.588095296616666319e-02
1.597193122159224210e-01 9.501984040543903776e-02 1.243957123003201631e-01 7.912012375518680252e-02
3.024681259179488185e-02 2.792275102523854302e-02 3.198493203660473377e-02 2.344029131891147907e-02
0.000000000000000000e+00 0.000000000000000000e+00 3.364341324818088258e-02 4.169911351392511373e-02
5.869369035775890212e-03 8.143683003079786945e-03 7.130555483097851012e-03 3.984934214473469238e-03
3.214604492818471382e-01 3.161093738002236919e-01 4.451084123407491044e-01 3.855791330882348267e-01
0.000000000000000000e+00 0.000000000000000000e+00 0.000000000000000000e+00 0.000000000000000000e+00
4.435307697211392508e-01 4.446472270907834701e-01 2.991433549756184473e-01 3.212045872493181631e-01
0.000000000000000000e+00 7.053731750784209692e-03 0.000000000000000000e+00 1.145177963231981330e-02
0.000000000000000000e+00 0.000000000000000000e+00 0.000000000000000000e+00 2.040621446831210328e-03
6.523536392301321207e-02 0.000000000000000000e+00 3.998609951013349859e-03 0.000000000000000000e+00
0.000000000000000000e+00 0.000000000000000000e+00 0.000000000000000000e+00 3.804791847189335687e-03
0.000000000000000000e+00 0.000000000000000000e+00 0.000000000000000000e+00 0.000000000000000000e+00
0.000000000000000000e+00 0.000000000000000000e+00 0.000000000000000000e+00 0.000000000000000000e+00
0.000000000000000000e+00 0.000000000000000000e+00 0.000000000000000000e+00 0.000000000000000000e+00
7.946834534854861631e-02 6.392851975851226998e-02 3.029865385798621163e-02 2.357589937176089723e-02
5.463578546969219962e-01 1.597020864493679249e-01 4.086429495248012356e-01 3.671399585405015625e-02
0.000000000000000000e+00 0.000000000000000000e+00 7.840143061999697849e-03 0.000000000000000000e+00
0.000000000000000000e+00 0.000000000000000000e+00 0.000000000000000000e+00 0.000000000000000000e+00
0.000000000000000000e+00 0.000000000000000000e+00 0.000000000000000000e+00 0.000000000000000000e+00
0.000000000000000000e+00 5.582556387536897341e-03 5.806209051883343651e-03 5.523805711076420523e-03
1.077346464679576482e-01 4.746538008758216520e-02 3.112694160168757995e-02 0.000000000000000000e+00
5.840507523785345434e-01 3.440466219414957116e-01 3.883861410473473663e-01 1.320284717353061021e-01
4.549110939780803831e-03 0.000000000000000000e+00 2.089935540239821424e-03 0.000000000000000000e+00
0.000000000000000000e+00 0.000000000000000000e+00 0.000000000000000000e+00 0.000000000000000000e+00
0.000000000000000000e+00 0.000000000000000000e+00 0.000000000000000000e+00 0.000000000000000000e+00
0.000000000000000000e+00 0.000000000000000000e+00 0.000000000000000000e+00 0.000000000000000000e+00
0.000000000000000000e+00 0.000000000000000000e+00 8.355493726347050509e-03 0.000000000000000000e+00
1.213117679692804929e+00 6.092442279537209071e-01 1.007227001946419565e+00 3.565467865378595946e-01
3.289225969039835107e-01 4.249284268221817928e-01 2.574464070573449503e-01 4.195457707685418813e-01
0.000000000000000000e+00 0.000000000000000000e+00 0.000000000000000000e+00 0.000000000000000000e+00
0.000000000000000000e+00 0.000000000000000000e+00 0.000000000000000000e+00 0.000000000000000000e+00
8.966456366825151236e-02 1.583623747302917995e-01 0.000000000000000000e+00 1.505922794064972758e-01
1.303148420836078014e-01 8.017732424038695460e-02 5.733270939567592511e-02 1.029025002974958726e-02
0.000000000000000000e+00 0.000000000000000000e+00 0.000000000000000000e+00 2.613920975849032616e-02
0.000000000000000000e+00 0.000000000000000000e+00 0.000000000000000000e+00 9.193675921895192241e-03
1.066944428149145113e-01 6.507595752080670704e-02 8.585984723019647602e-02 1.967803757102228740e-02
0.000000000000000000e+00 0.000000000000000000e+00 0.000000000000000000e+00 0.000000000000000000e+00
0.000000000000000000e+00 0.000000000000000000e+00 0.000000000000000000e+00 1.567250950868583591e-03
0.000000000000000000e+00 0.000000000000000000e+00 0.000000000000000000e+00 0.000000000000000000e+00
0.000000000000000000e+00 0.000000000000000000e+00 0.000000000000000000e+00 0.000000000000000000e+00
5.687703094608150822e-01 5.363184007527307395e-01 6.335448346291668864e-01 4.478302319543436272e-01
3.697416742192581318e-01 3.441525752556044981e-01 4.652517683557235162e-01 5.987097807177342856e-01
0.000000000000000000e+00 0.000000000000000000e+00 0.000000000000000000e+00 0.000000000000000000e+00
0.000000000000000000e+00 0.000000000000000000e+00 0.000000000000000000e+00 8.824897411810526601e-03
0.000000000000000000e+00 0.000000000000000000e+00 6.154612941993400921e-02 3.908847248737584018e-02
0.000000000000000000e+00 0.000000000000000000e+00 0.000000000000000000e+00 2.175620967302529726e-02
0.000000000000000000e+00 0.000000000000000000e+00 0.000000000000000000e+00 6.843412968235497960e-03
0.000000000000000000e+00 0.000000000000000000e+00 0.000000000000000000e+00 0.000000000000000000e+00
2.166752203430515056e-01 2.203753941978793818e-01 2.492685486346017665e-01 2.043285284168087079e-01
1.107501456015743402e-01 1.044548580410191857e-01 1.418613278543343903e-01 1.444945436686976004e-01
1.235522808555979402e-01 1.934711970565840822e-01 1.013605807250132912e-01 1.616748079648241410e-01
5.093751672029611655e-02 4.997041429532692036e-02 0.000000000000000000e+00 1.825873247747950012e-02
0.000000000000000000e+00 0.000000000000000000e+00 0.000000000000000000e+00 0.000000000000000000e+00
0.000000000000000000e+00 0.000000000000000000e+00 0.000000000000000000e+00 0.000000000000000000e+00
0.000000000000000000e+00 0.000000000000000000e+00 0.000000000000000000e+00 0.000000000000000000e+00
0.000000000000000000e+00 0.000000000000000000e+00 0.000000000000000000e+00 2.994919014083280082e-03
0.000000000000000000e+00 0.000000000000000000e+00 0.000000000000000000e+00 0.000000000000000000e+00
0.000000000000000000e+00 0.000000000000000000e+00 0.000000000000000000e+00 3.964735394460149054e-03
0.000000000000000000e+00 0.000000000000000000e+00 0.000000000000000000e+00 0.000000000000000000e+00
0.000000000000000000e+00 0.000000000000000000e+00 0.000000000000000000e+00 1.786359170747164188e-02
0.000000000000000000e+00 0.000000000000000000e+00 0.000000000000000000e+00 0.000000000000000000e+00
2.223882851923918071e-03 2.387219036811075341e-03 1.988436198973431591e-03 1.841005154006779927e-03
6.713186420580314825e-03 0.000000000000000000e+00 5.184598796327918868e-03 0.000000000000000000e+00
0.000000000000000000e+00 0.000000000000000000e+00 0.000000000000000000e+00 0.000000000000000000e+00
0.000000000000000000e+00 0.000000000000000000e+00 0.000000000000000000e+00 0.000000000000000000e+00
5.290077226247376536e-03 0.000000000000000000e+00 2.935816041615908149e-03 0.000000000000000000e+00
2.154387920680165148e-03 2.614999094441373354e-03 1.776388807038529376e-03 8.855103604015313046e-03
0.000000000000000000e+00 0.000000000000000000e+00 8.087190346799616111e-03 0.000000000000000000e+00
0.000000000000000000e+00 0.000000000000000000e+00 0.000000000000000000e+00 0.000000000000000000e+00
0.000000000000000000e+00 0.000000000000000000e+00 0.000000000000000000e+00 0.000000000000000000e+00
6.761253208236303602e-02 2.450945826694078331e-02 4.471923464740393955e-02 7.070062198222148986e-02
0.000000000000000000e+00 0.000000000000000000e+00 0.000000000000000000e+00 0.000000000000000000e+00
0.000000000000000000e+00 0.000000000000000000e+00 0.000000000000000000e+00 0.000000000000000000e+00
6.968448273742979156e-03 0.000000000000000000e+00 4.964830282468028939e-03 0.000000000000000000e+00
2.169355899082438602e-02 4.973571941343834894e-03 1.482294536777772030e-02 1.842904420064587698e-02
2.397877193698659815e-01 1.388682642916683196e-01 1.207735741379438038e-01 9.516085161943919901e-02
0.000000000000000000e+00 0.000000000000000000e+00 0.000000000000000000e+00 0.000000000000000000e+00
7.015392200053611332e-03 3.218096794240409703e-02 1.718428959704397258e-03 3.077372676349477906e-02
4.235687297489494352e-01 2.440888398305978702e-01 4.290405835937708967e-01 3.771561539873946600e-01
0.000000000000000000e+00 0.000000000000000000e+00 0.000000000000000000e+00 0.000000000000000000e+00
0.000000000000000000e+00 0.000000000000000000e+00 0.000000000000000000e+00 0.000000000000000000e+00
0.000000000000000000e+00 0.000000000000000000e+00 0.000000000000000000e+00 0.000000000000000000e+00
0.000000000000000000e+00 0.000000000000000000e+00 0.000000000000000000e+00 0.000000000000000000e+00
3.682817533792695497e-02 4.212122213721158914e-02 2.015458308157394920e-02 1.070083304360741755e-01
0.000000000000000000e+00 0.000000000000000000e+00 0.000000000000000000e+00 0.000000000000000000e+00
0.000000000000000000e+00 3.807311285701871738e-03 1.331590580697229742e-02 8.346475567312154620e-03
1.182345555470092346e-01 1.217697110131848726e-01 8.287616379040992076e-02 1.901094748650211941e-01
0.000000000000000000e+00 0.000000000000000000e+00 0.000000000000000000e+00 0.000000000000000000e+00
0.000000000000000000e+00 0.000000000000000000e+00 0.000000000000000000e+00 0.000000000000000000e+00
0.000000000000000000e+00 0.000000000000000000e+00 0.000000000000000000e+00 0.000000000000000000e+00
0.000000000000000000e+00 0.000000000000000000e+00 0.000000000000000000e+00 0.000000000000000000e+00
0.000000000000000000e+00 0.000000000000000000e+00 0.000000000000000000e+00 0.000000000000000000e+00
0.000000000000000000e+00 0.000000000000000000e+00 0.000000000000000000e+00 0.000000000000000000e+00
5.902748970282264418e-01 5.847905198531225812e-01 3.633334415643476034e-01 3.079785397402011182e-01
5.688802474709228063e-01 3.437822460243478706e-01 3.270354349790141057e-01 1.866732066837139548e-01
0.000000000000000000e+00 0.000000000000000000e+00 0.000000000000000000e+00 0.000000000000000000e+00
0.000000000000000000e+00 0.000000000000000000e+00 0.000000000000000000e+00 0.000000000000000000e+00
6.309331138984998477e-02 0.000000000000000000e+00 0.000000000000000000e+00 0.000000000000000000e+00
0.000000000000000000e+00 0.000000000000000000e+00 0.000000000000000000e+00 0.000000000000000000e+00
0.000000000000000000e+00 0.000000000000000000e+00 0.000000000000000000e+00 0.000000000000000000e+00
0.000000000000000000e+00 0.000000000000000000e+00 0.000000000000000000e+00 0.000000000000000000e+00
6.468231781795621416e-01 6.651520867841318463e-01 7.587385874893516347e-01 8.120292682880536628e-01
3.765759228507522538e-01 6.893315686010755838e-01 5.079910731478594066e-01 7.235284276613965782e-01
0.000000000000000000e+00 0.000000000000000000e+00 0.000000000000000000e+00 0.000000000000000000e+00
0.000000000000000000e+00 0.000000000000000000e+00 0.000000000000000000e+00 0.000000000000000000e+00
0.000000000000000000e+00 0.000000000000000000e+00 0.000000000000000000e+00 0.000000000000000000e+00
2.775741707836278105e-02 0.000000000000000000e+00 0.000000000000000000e+00 0.000000000000000000e+00
0.000000000000000000e+00 0.000000000000000000e+00 0.000000000000000000e+00 0.000000000000000000e+00
2.910442994849291032e-01 3.273568836227059298e-01 3.073879137444310294e-01 3.110429442110471676e-01
4.001446262575336643e-02 1.401248790118843346e-01 2.678430976602249047e-01 7.070688612232916004e-01
0.000000000000000000e+00 0.000000000000000000e+00 0.000000000000000000e+00 0.000000000000000000e+00
1.165010256181267349e-02 0.000000000000000000e+00 0.000000000000000000e+00 0.000000000000000000e+00
0.000000000000000000e+00 0.000000000000000000e+00 0.000000000000000000e+00 0.000000000000000000e+00
0.000000000000000000e+00 0.000000000000000000e+00 0.000000000000000000e+00 0.000000000000000000e+00
0.000000000000000000e+00 0.000000000000000000e+00 0.000000000000000000e+00 0.000000000000000000e+00
1.306113851398229775e+00 1.240832849093713053e+00 1.634033443395048524e+00 1.726171098735183485e+00
3.119186863428913270e-01 3.789226612974889719e-01 1.636351546479854757e-01 3.741560491451528248e-01
0.000000000000000000e+00 0.000000000000000000e+00 0.000000000000000000e+00 0.000000000000000000e+00
1.551448564594611612e-01 2.111935656310524878e-01 1.291552460485836662e-01 2.406947698274161940e-01
0.000000000000000000e+00 0.000000000000000000e+00 0.000000000000000000e+00 0.000000000000000000e+00
0.000000000000000000e+00 0.000000000000000000e+00 0.000000000000000000e+00 0.000000000000000000e+00
0.000000000000000000e+00 0.000000000000000000e+00 0.000000000000000000e+00 0.000000000000000000e+00
0.000000000000000000e+00 0.000000000000000000e+00 0.000000000000000000e+00 0.000000000000000000e+00
0.000000000000000000e+00 0.000000000000000000e+00 0.000000000000000000e+00 0.000000000000000000e+00
0.000000000000000000e+00 0.000000000000000000e+00 0.000000000000000000e+00 0.000000000000000000e+00
1.260134617513977151e-01 7.409294713404961097e-02 1.320101693583419500e-01 6.446692396199796282e-02
2.499010263131931642e-01 4.283261597757228034e-01 5.230057046678848742e-01 9.392967955442146355e-01
0.000000000000000000e+00 0.000000000000000000e+00 0.000000000000000000e+00 0.000000000000000000e+00
6.752595775562804381e-02 7.289700621657539681e-02 6.102005054941401357e-02 4.825742194749182284e-02
4.089137727295747565e-02 2.466410190556780554e-02 2.141182427767489641e-02 2.221557118208147830e-02
2.424420218984596476e-01 1.696574410332832572e-01 1.996125169537263100e-01 1.379910000554518956e-01
3.873270843373029931e-02 9.319493626174517320e-02 9.924456483899848913e-02 2.479994353337679203e-01
0.000000000000000000e+00 0.000000000000000000e+00 0.000000000000000000e+00 0.000000000000000000e+00
4.201002266763680278e-03 5.268084055551298939e-03 0.000000000000000000e+00 0.000000000000000000e+00
0.000000000000000000e+00 0.000000000000000000e+00 0.000000000000000000e+00 0.000000000000000000e+00
3.535199938229198046e-03 2.156448330257262555e-03 0.000000000000000000e+00 4.502024316185270977e-03
0.000000000000000000e+00 0.000000000000000000e+00 0.000000000000000000e+00 0.000000000000000000e+00
0.000000000000000000e+00 0.000000000000000000e+00 0.000000000000000000e+00 0.000000000000000000e+00
0.000000000000000000e+00 0.000000000000000000e+00 0.000000000000000000e+00 0.000000000000000000e+00
2.056410823289305245e+00 1.139417534485459349e+00 1.673850703787058691e+00 1.582069938610307869e+00
2.188636970595689638e-02 1.406853227916872277e-02 2.068771715335606179e-02 2.945815524851786923e-02
0.000000000000000000e+00 0.000000000000000000e+00 0.000000000000000000e+00 0.000000000000000000e+00
0.000000000000000000e+00 1.977839668750675829e-03 3.727823097309738293e-03 1.152259693040832630e-02
6.657234389786026961e-03 1.831774495898571414e-02 1.506876831760746438e-02 7.594415398378624726e-02
0.000000000000000000e+00 0.000000000000000000e+00 0.000000000000000000e+00 0.000000000000000000e+00
2.290891571079846645e-01 1.244905777646927308e-01 1.231450869989348662e-01 6.679086178023135867e-02
3.096136015816591813e-01 2.323590580439195141e-01 2.866587579182814927e-01 2.497584187458269378e-01
0.000000000000000000e+00 0.000000000000000000e+00 0.000000000000000000e+00 0.000000000000000000e+00
0.000000000000000000e+00 0.000000000000000000e+00 0.000000000000000000e+00 0.000000000000000000e+00
7.543827455202117838e-01 4.975136491390876881e-01 7.934025222198106686e-01 6.762381050451659048e-01
2.461896903596352826e-01 2.248203597092069961e-01 1.526709418612299529e-01 2.424565004522446776e-01
0.000000000000000000e+00 0.000000000000000000e+00 0.000000000000000000e+00 0.000000000000000000e+00
0.000000000000000000e+00 0.000000000000000000e+00 0.000000000000000000e+00 0.000000000000000000e+00
0.000000000000000000e+00 0.000000000000000000e+00 0.000000000000000000e+00 0.000000000000000000e+00
9.564971936924848706e-02 1.065003806948661841e-01 1.684103796835988986e-01 1.821753635139903293e-01
0.000000000000000000e+00 0.000000000000000000e+00 0.000000000000000000e+00 0.000000000000000000e+00
0.000000000000000000e+00 0.000000000000000000e+00 0.000000000000000000e+00 0.000000000000000000e+00
0.000000000000000000e+00 0.000000000000000000e+00 0.000000000000000000e+00 0.000000000000000000e+00
0.000000000000000000e+00 0.000000000000000000e+00 0.000000000000000000e+00 0.000000000000000000e+00
2.263521373331968747e-03 0.000000000000000000e+00 0.000000000000000000e+00 0.000000000000000000e+00
8.199938217265299867e-03 3.947663153168833212e-03 0.000000000000000000e+00 0.000000000000000000e+00
1.373276719199493512e-01 1.641477078268071821e-01 1.502798520155483875e-01 1.348934557837201398e-01
0.000000000000000000e+00 0.000000000000000000e+00 0.000000000000000000e+00 0.000000000000000000e+00
3.802007509922987125e-03 0.000000000000000000e+00 0.000000000000000000e+00 0.000000000000000000e+00
1.368466993131442211e-01 1.099754439754178775e-01 1.539005918218754321e-01 1.997567084996262621e-01
2.285249142546672343e-02 2.209197754453634879e-02 0.000000000000000000e+00 0.000000000000000000e+00
0.000000000000000000e+00 0.000000000000000000e+00 0.000000000000000000e+00 0.000000000000000000e+00
4.245986622911878117e-01 4.118318943078629890e-01 5.333525989456102678e-01 8.191406884132884647e-01
2.537746148803853713e-02 2.412835210360935942e-02 0.000000000000000000e+00 0.000000000000000000e+00
2.097919627351075341e-03 0.000000000000000000e+00 0.000000000000000000e+00 0.000000000000000000e+00
4.783861431072000681e-02 5.667889131879201570e-02 8.160578206926584477e-02 0.000000000000000000e+00
0.000000000000000000e+00 0.000000000000000000e+00 0.000000000000000000e+00 0.000000000000000000e+00
0.000000000000000000e+00 0.000000000000000000e+00 0.000000000000000000e+00 0.000000000000000000e+00
0.000000000000000000e+00 0.000000000000000000e+00 0.000000000000000000e+00 0.000000000000000000e+00
8.893334720277926153e-02 9.402719942032126965e-02 1.924165024749236175e-01 2.613103494427632678e-01
2.156358922093932345e-02 1.176807415836083302e-02 0.000000000000000000e+00 0.000000000000000000e+00
2.065615514358796687e-02 2.281287958729081092e-02 0.000000000000000000e+00 9.697214963502484575e-02
0.000000000000000000e+00 0.000000000000000000e+00 0.000000000000000000e+00 0.000000000000000000e+00
0.000000000000000000e+00 0.000000000000000000e+00 0.000000000000000000e+00 0.000000000000000000e+00
0.000000000000000000e+00 0.000000000000000000e+00 0.000000000000000000e+00 0.000000000000000000e+00
0.000000000000000000e+00 0.000000000000000000e+00 0.000000000000000000e+00 0.000000000000000000e+00
1.471437353915535096e-01 3.697244237030390956e-01 3.579997403472662265e-01 9.424235691698268358e-01
0.000000000000000000e+00 0.000000000000000000e+00 0.000000000000000000e+00 0.000000000000000000e+00
